293.964827185568	1.35859334338281E-26
294.01792795451	1.03101684763969E-27
294.071023327497	1.10953334730051E-27
294.124113304045	1.2030753046187E-27
294.177197883671	1.19191184571464E-27
294.230277065889	1.28802104781827E-27
294.283350850217	1.39060114050182E-27
294.336419236171	1.34824150126485E-27
294.389482223265	1.70492036322954E-27
294.442539811017	1.52745356602257E-27
294.495591998942	1.77725790993118E-27
294.548638786556	1.77130168684076E-27
294.601680173375	2.17722626403478E-27
294.654716158915	2.17582089625777E-27
294.707746742692	2.34016355341506E-27
294.760771924222	2.11839818044813E-27
294.813791703021	2.1324051507717E-27
294.866806078605	2.36372121865838E-27
294.91981505049	2.33992287031356E-27
294.972818618192	2.482883211316E-27
295.025816781226	2.16778456517949E-27
295.07880953911	2.35426913798627E-27
295.131796891358	3.05117776067754E-27
295.184778837488	2.46512518199612E-27
295.237755377014	1.90936186220385E-27
295.290726509452	2.4183914243095E-27
295.34369223432	2.71869365855299E-27
295.396652551132	2.66910550449911E-27
295.449607459405	2.82523013089466E-27
295.502556958654	2.50346197312698E-27
295.555501048396	2.74626674686057E-27
295.608439728147	2.34357893582226E-27
295.661372997422	2.44025790511329E-27
295.714300855737	2.57595244755104E-27
295.76722330261	2.3726834270351E-27
295.820140337554	2.81970296712406E-27
295.873051960087	2.61775766692121E-27
295.925958169725	2.49521034236261E-27
295.978858965983	2.54555975219926E-27
296.031754348377	2.43023333249562E-27
296.084644316424	2.49777426831376E-27
296.137528869639	2.28319451928592E-27
296.190408007538	2.51390976158842E-27
296.243281729638	2.33599526177856E-27
296.296150035454	2.41413384845905E-27
296.349012924502	2.98986913816349E-27
296.401870396298	2.39627701860075E-27
296.454722450358	2.35653322923886E-27
296.507569086199	2.35467223490405E-27
296.560410303336	2.5085275453974E-27
296.613246101284	2.40569996637757E-27
296.666076479561	2.32078838623427E-27
296.718901437682	2.34321820069139E-27
296.771720975163	2.37681969243653E-27
296.82453509152	2.19013406393421E-27
296.877343786268	2.82972463336737E-27
296.930147058925	2.43603912754497E-27
296.982944909006	2.3988792971039E-27
297.035737336026	2.54143393158357E-27
297.088524339502	2.69517400541008E-27
297.14130591895	2.38340805754874E-27
297.194082073886	2.41225163502584E-27
297.246852803826	2.42284739053125E-27
297.299618108286	2.17657605724322E-27
297.352377986781	2.5334415100505E-27
297.405132438828	2.77525604212006E-27
297.457881463942	2.51268444849805E-27
297.51062506164	2.19180457738007E-27
297.563363231438	2.16239725753758E-27
297.616095972851	2.21291160423047E-27
297.668823285396	2.35880226208045E-27
297.721545168589	2.15084633237552E-27
297.774261621945	2.07361441192133E-27
297.82697264498	2.16886459637641E-27
297.879678237211	2.26884230623761E-27
297.932378398153	2.23413901785671E-27
297.985073127323	2.2423572762003E-27
298.037762424236	2.38168156958839E-27
298.090446288408	2.24487815593268E-27
298.143124719356	2.54040679550496E-27
298.195797716595	2.40056985515982E-27
298.248465279642	2.54752080610666E-27
298.301127408011	2.69694626873907E-27
298.35378410122	2.463758171741E-27
298.406435358784	2.40619827783076E-27
298.459081180219	2.50749432132584E-27
298.511721565041	2.66431511316529E-27
298.564356512767	2.64965071581607E-27
298.616986022911	2.58720446830622E-27
298.669610094991	2.52549880222844E-27
298.722228728521	2.71771163021491E-27
298.774841923019	2.25621393704048E-27
298.827449678	2.46768394219444E-27
298.880051992979	2.34167033892747E-27
298.932648867474	2.1587665626259E-27
298.985240300999	2.17679751577498E-27
299.037826293071	2.22876311410254E-27
299.090406843206	2.32514061270344E-27
299.14298195092	2.09252931375152E-27
299.195551615729	2.30729512201465E-27
299.248115837148	2.31852003163558E-27
299.300674614695	2.25631977366172E-27
299.353227947883	2.31365740561348E-27
299.405775836231	2.56762229369881E-27
299.458318279253	2.40601582600881E-27
299.510855276466	2.30163726751789E-27
299.563386827386	2.06990396735786E-27
299.615912931528	2.0190952151038E-27
299.668433588409	1.88409626200854E-27
299.720948797544	1.95597765070569E-27
299.77345855845	2.15835705763854E-27
299.825962870642	2.24345181379898E-27
299.878461733636	2.28983680199583E-27
299.93095514695	2.37147609160646E-27
299.983443110097	2.55367381483554E-27
300.035925622595	2.55871485690178E-27
300.088402683959	2.82021537523567E-27
300.140874293706	2.77920881624388E-27
300.193340451351	2.6493644489641E-27
300.24580115641	2.61145241906801E-27
300.298256408399	2.47640562209658E-27
300.350706206835	2.38465371838837E-27
300.403150551232	2.3614534496557E-27
300.455589441108	2.33125342402981E-27
300.508022875978	2.23452711605764E-27
300.560450855359	2.39690545082197E-27
300.612873378765	2.23868156287508E-27
300.665290445713	2.54809140553318E-27
300.71770205572	2.40325138537491E-27
300.7701082083	2.40250576614801E-27
300.82250890297	2.40697368556687E-27
300.874904139247	2.41480948618527E-27
300.927293916645	2.18746847186027E-27
300.979678234681	2.26022584060095E-27
301.032057092871	2.20369502842405E-27
301.084430490731	2.05860786693347E-27
301.136798427777	1.93304413095762E-27
301.189160903524	1.89930250159458E-27
301.241517917489	1.93520531280452E-27
301.293869469188	1.9506701440094E-27
301.346215558137	1.98025915375393E-27
301.398556183852	1.87017628254045E-27
301.450891345848	1.934999875588E-27
301.503221043641	1.96574231532845E-27
301.555545276749	1.95064840056264E-27
301.607864044686	2.12230366301433E-27
301.660177346968	2.21526723779923E-27
301.712485183112	2.27355453299149E-27
301.764787552634	2.5140451956162E-27
301.817084455049	2.61508234012799E-27
301.869375889873	2.9208900479185E-27
301.921661856623	3.0553736024677E-27
301.973942354814	3.17918368347177E-27
302.026217383963	3.15609304511938E-27
302.078486943585	3.04200316219477E-27
302.130751033196	2.96231234745358E-27
302.183009652313	2.71667091429833E-27
302.235262800451	2.65040537697655E-27
302.287510477126	2.36679528599651E-27
302.339752681855	2.37075696258627E-27
302.391989414152	2.33512843464617E-27
302.444220673535	2.43660527862308E-27
302.496446459519	2.38745542861237E-27
302.54866677162	2.37705017736618E-27
302.600881609354	2.17101139607447E-27
302.653090972237	2.13908090544784E-27
302.705294859785	2.00581476230086E-27
302.757493271515	1.9791301945232E-27
302.809686206941	1.83883215683496E-27
302.86187366558	1.78330605504383E-27
302.914055646948	1.89062213149084E-27
302.966232150561	1.98617173673319E-27
303.018403175935	2.04218708707246E-27
303.070568722585	1.98261770045623E-27
303.122728790029	1.97044680985233E-27
303.174883377781	1.90232397795334E-27
303.227032485358	1.88018118778058E-27
303.279176112276	1.86052144556913E-27
303.331314258051	1.8218663595157E-27
303.383446922198	1.76081473072138E-27
303.435574104234	1.79681806974816E-27
303.487695803675	1.83239753469836E-27
303.539812020036	1.98175415259547E-27
303.591922752833	2.1258030713356E-27
303.644028001584	2.21991625241672E-27
303.696127765803	2.39247268734193E-27
303.748222045006	2.44139248537605E-27
303.80031083871	2.53556017907898E-27
303.85239414643	2.56748431158544E-27
303.904471967683	2.530349088968E-27
303.956544301984	2.48920382252974E-27
304.00861114885	2.42506741823369E-27
304.060672507795	2.47070891333999E-27
304.112728378338	2.47212544068358E-27
304.164778759992	2.46289059076814E-27
304.216823652275	2.39595681031596E-27
304.268863054702	2.32706230068664E-27
304.320896966789	2.21572152767083E-27
304.372925388053	2.08777939161853E-27
304.424948318008	2.00162213704477E-27
304.476965756172	1.949437327291E-27
304.52897770206	2.037284756927E-27
304.580984155188	2.15796673238323E-27
304.632985115072	2.28219052661973E-27
304.684980581228	2.34578450015782E-27
304.736970553172	2.33251530226758E-27
304.78895503042	2.31691640114242E-27
304.840934012488	2.29037014481204E-27
304.892907498892	2.25423263398612E-27
304.944875489148	2.07260224225026E-27
304.996837982771	1.90119531237673E-27
305.048794979279	1.723914318638E-27
305.100746478186	1.62957660863851E-27
305.152692479009	1.61178196641814E-27
305.204632981264	1.64898863656535E-27
305.256567984467	1.65767963474898E-27
305.308497488134	1.68111581571319E-27
305.36042149178	1.72083186932816E-27
305.412339994921	1.83768235308422E-27
305.464252997075	1.95869676126465E-27
305.516160497756	2.09141985847406E-27
305.568062496481	2.22997074524288E-27
305.619958992765	2.38050714103133E-27
305.671849986124	2.49574245569877E-27
305.723735476076	2.66139218592086E-27
305.775615462134	2.87385136282738E-27
305.827489943817	3.01295890736375E-27
305.879358920638	2.94452411676431E-27
305.931222392115	2.73810430975662E-27
305.983080357764	2.44913446932018E-27
306.034932817099	2.24753731672802E-27
306.086779769638	2.09087083250221E-27
306.138621214897	1.9780976521039E-27
306.19045715239	1.93119143973711E-27
306.242287581635	1.96397534661184E-27
306.294112502147	2.01543941787099E-27
306.345931913443	2.06298770731384E-27
306.397745815037	2.12613999743655E-27
306.449554206447	2.20734734129072E-27
306.501357087188	2.35277159322901E-27
306.553154456775	2.45865285584335E-27
306.604946314726	2.49486111245034E-27
306.656732660556	2.46068010551717E-27
306.708513493781	2.44949989310284E-27
306.760288813917	2.38188513419844E-27
306.81205862048	2.2886758619153E-27
306.863822912986	2.15044783535183E-27
306.91558169095	1.99997891114707E-27
306.96733495389	1.90497465712031E-27
307.01908270132	1.85330576717518E-27
307.070824932758	1.84688652859396E-27
307.122561647718	1.85044512519157E-27
307.174292845717	1.83676337904334E-27
307.22601852627	1.85212332109277E-27
307.277738688894	1.85232734081942E-27
307.329453333106	1.89308309565271E-27
307.381162458419	1.940250780071E-27
307.432866064352	1.96586002475815E-27
307.484564150418	1.94239172331923E-27
307.536256716136	1.95222684026309E-27
307.58794376102	1.98030566429033E-27
307.639625284587	2.02203386789864E-27
307.691301286352	2.01795573703948E-27
307.742971765831	1.9668780571396E-27
307.794636722541	1.91532771413189E-27
307.846296155998	1.91094055727477E-27
307.897950065717	1.94185799404633E-27
307.949598451214	2.00126115468248E-27
308.001241312006	2.04643041282586E-27
308.052878647608	2.11104940690145E-27
308.104510457536	2.13573672109629E-27
308.156136741307	2.21191771588244E-27
308.207757498435	2.23363951858014E-27
308.259372728438	2.17623373093713E-27
308.310982430832	2.0571591956814E-27
308.362586605131	1.95405184463437E-27
308.414185250852	1.82161738423933E-27
308.465778367512	1.75428280666718E-27
308.517365954626	1.73768840175325E-27
308.56894801171	1.70325920294372E-27
308.620524538279	1.75358406940767E-27
308.672095533851	1.82794534985489E-27
308.723660997941	1.90923400981001E-27
308.775220930065	1.98005868112985E-27
308.826775329739	2.03789915454213E-27
308.878324196478	2.08310721421553E-27
308.9298675298	2.13036478047009E-27
308.981405329219	2.18121302619928E-27
309.032937594252	2.24958425187234E-27
309.084464324415	2.35093391786654E-27
309.135985519224	2.48352936426249E-27
309.187501178195	2.60452905831895E-27
309.239011300843	2.61059580431331E-27
309.290515886685	2.47914331059839E-27
309.342014935236	2.3214063622208E-27
309.393508446014	2.17009276321255E-27
309.444996418532	2.07156156840344E-27
309.496478852309	2.0437364015561E-27
309.547955746859	1.97983322928245E-27
309.599427101698	1.97489723797674E-27
309.650892916343	1.97525224292678E-27
309.70235319031	2.0248100070522E-27
309.753807923114	2.13581543899021E-27
309.805257114271	2.25805802506731E-27
309.856700763298	2.38946667437251E-27
309.90813886971	2.48788682848598E-27
309.959571433024	2.61648110782556E-27
310.010998452755	2.76571440263694E-27
310.062419928419	2.86061571858003E-27
310.113835859533	2.8600773295407E-27
310.165246245611	2.67816301478742E-27
310.216651086171	2.40871963903503E-27
310.268050380728	2.19152142255102E-27
310.319444128799	2.01105880163674E-27
310.370832329898	1.88308176677705E-27
310.422214983543	1.78071873906803E-27
310.473592089248	1.71515000637784E-27
310.524963646531	1.69449144097806E-27
310.576329654907	1.66863655128306E-27
310.627690113892	1.63937817865471E-27
310.679045023001	1.61420067133228E-27
310.730394381752	1.61043914488989E-27
310.78173818966	1.59069712637536E-27
310.83307644624	1.60552440835026E-27
310.88440915101	1.62912257280308E-27
310.935736303484	1.67383951147435E-27
310.987057903179	1.68881260383624E-27
311.038373949611	1.73545658858469E-27
311.089684442296	1.78174259733191E-27
311.140989380749	1.7962770144151E-27
311.192288764487	1.80144297635235E-27
311.243582593026	1.82507943643037E-27
311.294870865882	1.82654608225033E-27
311.34615358257	1.83738104563071E-27
311.397430742607	1.83757918723724E-27
311.448702345508	1.87440736216553E-27
311.49996839079	1.93031064780343E-27
311.551228877969	1.97972059769363E-27
311.60248380656	2.03252097080243E-27
311.653733176079	2.04586252181227E-27
311.704976986043	2.09957453287896E-27
311.756215235967	2.15123767501103E-27
311.807447925368	2.22270761622986E-27
311.858675053761	2.24983012531917E-27
311.909896620663	2.25752514887435E-27
311.961112625589	2.26974121714508E-27
312.012323068055	2.28253063254351E-27
312.063527947577	2.24511149993025E-27
312.114727263672	2.21047676730913E-27
312.165921015855	2.11037164630397E-27
312.217109203642	2.05196715644911E-27
312.268291826549	1.96807609466773E-27
312.319468884093	1.92103985831232E-27
312.370640375788	1.89610165922382E-27
312.421806301152	1.87664456649855E-27
312.4729666597	1.86415671507765E-27
312.524121450947	1.87719566409592E-27
312.575270674411	1.88202761218208E-27
312.626414329607	1.8840281468016E-27
312.677552416051	1.88183131227158E-27
312.728684933258	1.86968021989072E-27
312.779811880746	1.84486896410707E-27
312.830933258029	1.81070518512415E-27
312.882049064624	1.82058274647659E-27
312.933159300047	1.83389285442634E-27
312.984263963814	1.86489950876019E-27
313.035363055441	1.91078782709145E-27
313.086456574443	1.96020614834673E-27
313.137544520338	1.96420398423137E-27
313.188626892639	1.99605810767949E-27
313.239703690865	2.05364113947335E-27
313.29077491453	2.09588490235797E-27
313.341840563151	2.09915391415217E-27
313.392900636243	2.1156654464074E-27
313.443955133323	2.08966163972406E-27
313.495004053907	2.0771536797129E-27
313.54604739751	2.02118661936689E-27
313.597085163648	1.95569284657729E-27
313.648117351838	1.86870943128312E-27
313.699143961595	1.78027060935194E-27
313.750164992436	1.71826977685762E-27
313.801180443876	1.66746067798576E-27
313.852190315432	1.62853162400567E-27
313.903194606619	1.6026500112091E-27
313.954193316953	1.59806316052835E-27
314.00518644595	1.59859518537047E-27
314.056173993127	1.63135305906042E-27
314.107155957999	1.68197569752398E-27
314.158132340082	1.80061621770818E-27
314.209103138892	1.9234712447278E-27
314.260068353946	2.09417690716258E-27
314.311027984758	2.2830748837199E-27
314.361982030846	2.45520825621181E-27
314.412930491724	2.53501188713198E-27
314.46387336691	2.572023263389E-27
314.514810655919	2.51495132530757E-27
314.565742358267	2.39311697355188E-27
314.616668473469	2.21711213606105E-27
314.667589001043	2.04214759244162E-27
314.718503940503	1.88954176386376E-27
314.769413291367	1.78353018105728E-27
314.820317053149	1.69272256383671E-27
314.871215225366	1.65125188215856E-27
314.922107807534	1.61405071979328E-27
314.972994799169	1.58243371755334E-27
315.023876199786	1.54746723144175E-27
315.074752008902	1.54906835628032E-27
315.125622226033	1.55984969303726E-27
315.176486850695	1.58821725582831E-27
315.227345882403	1.60042548557253E-27
315.278199320674	1.6165132482772E-27
315.329047165023	1.66035093160362E-27
315.379889414967	1.72286905452028E-27
315.430726070022	1.76036235436271E-27
315.481557129703	1.82704864553462E-27
315.532382593526	1.90954493847569E-27
315.583202461008	2.05025708025088E-27
315.634016731664	2.19349055852019E-27
315.684825405011	2.30534474276025E-27
315.735628480564	2.45872565329214E-27
315.78642595784	2.5836091155209E-27
315.837217836354	2.68596077894091E-27
315.888004115622	2.71865701389703E-27
315.93878479516	2.68793953046171E-27
315.989559874485	2.63522209128859E-27
316.040329353112	2.52749742147295E-27
316.091093230557	2.38112420028768E-27
316.141851506336	2.26279847025765E-27
316.192604179966	2.12723051707593E-27
316.243351250961	2.03161719652197E-27
316.294092718839	1.95526615328133E-27
316.344828583115	1.89282231441163E-27
316.395558843304	1.83198427207175E-27
316.446283498924	1.80165457627651E-27
316.49700254949	1.78899807188158E-27
316.547715994518	1.77740709876454E-27
316.598423833523	1.76165973615502E-27
316.649126066023	1.74775254621165E-27
316.699822691532	1.74395321360326E-27
316.750513709567	1.72424341486665E-27
316.801199119645	1.72771743229998E-27
316.85187892128	1.70180453331044E-27
316.902553113988	1.64117481942385E-27
316.953221697287	1.60476974432203E-27
317.003884670691	1.58393074884936E-27
317.054542033717	1.52575709533357E-27
317.10519378588	1.48668165111678E-27
317.155839926698	1.4642444260035E-27
317.206480455684	1.44254066524502E-27
317.257115372357	1.47106714594022E-27
317.307744676231	1.48384748465699E-27
317.358368366822	1.52135277191013E-27
317.408986443647	1.55142134793444E-27
317.459598906222	1.56487851144452E-27
317.510205754062	1.5807608575072E-27
317.560806986683	1.60301192638024E-27
317.611402603602	1.63657399900744E-27
317.661992604334	1.72239870818745E-27
317.712576988396	1.78729604716133E-27
317.763155755303	1.87152777689421E-27
317.813728904571	2.00901294536126E-27
317.864296435716	2.15030165998543E-27
317.914858348255	2.31232068288866E-27
317.965414641703	2.43835177783848E-27
318.015965315576	2.49095848157987E-27
318.066510369391	2.54910360525594E-27
318.117049802662	2.51703169593438E-27
318.167583614907	2.45375939576185E-27
318.21811180564	2.36449538407454E-27
318.268634374379	2.26467918868868E-27
318.319151320639	2.16917028114044E-27
318.369662643936	2.06710475961056E-27
318.420168343786	1.9557807034092E-27
318.470668419704	1.88148267130236E-27
318.521162871208	1.80600857074608E-27
318.571651697813	1.72463271333339E-27
318.622134899034	1.66660764256983E-27
318.672612474389	1.61503251572665E-27
318.723084423392	1.54933376726826E-27
318.77355074556	1.48319467285975E-27
318.824011440408	1.44050264888623E-27
318.874466507454	1.44674454453578E-27
318.924915946212	1.47113963812648E-27
318.975359756199	1.52423123534916E-27
319.025797936931	1.60167296334229E-27
319.076230487923	1.71994568576584E-27
319.126657408692	1.85691685626761E-27
319.177078698753	2.01319207986407E-27
319.227494357623	2.13529463347404E-27
319.277904384818	2.2006225267414E-27
319.328308779853	2.23923430683155E-27
319.378707542245	2.2383275630035E-27
319.429100671509	2.18331091608981E-27
319.479488167161	2.11993481059774E-27
319.529870028718	2.03694638371904E-27
319.580246255696	1.97767529253552E-27
319.630616847609	1.93662597043384E-27
319.680981803975	1.85807725473463E-27
319.731341124309	1.78569801057941E-27
319.781694808128	1.74914477841037E-27
319.832042854947	1.73262208645932E-27
319.882385264282	1.72910220425224E-27
319.932722035649	1.72432489857098E-27
319.983053168564	1.71842106975172E-27
320.033378662544	1.70755957862938E-27
320.083698517104	1.69382933608273E-27
320.134012731759	1.69791990481938E-27
320.184321306027	1.68703885081679E-27
320.234624239423	1.63061314141553E-27
320.284921531463	1.58963881544195E-27
320.335213181663	1.53638082800885E-27
320.385499189539	1.51013415700033E-27
320.435779554607	1.50157197674683E-27
320.486054276382	1.47000008507491E-27
320.536323354382	1.43890305070866E-27
320.586586788121	1.44168570271098E-27
320.636844577117	1.45721083503822E-27
320.687096720884	1.49516040665658E-27
320.737343218939	1.53962467890352E-27
320.787584070797	1.59724006634999E-27
320.837819275975	1.67144207210604E-27
320.88804883399	1.73331870921999E-27
320.938272744355	1.83087046281776E-27
320.988491006589	1.92350326125911E-27
321.038703620206	2.02456024529519E-27
321.088910584722	2.12243430821046E-27
321.139111899654	2.16313286686828E-27
321.189307564518	2.20892276307906E-27
321.239497578829	2.22939126891509E-27
321.289681942104	2.21512018551647E-27
321.339860653858	2.1757411417818E-27
321.390033713608	2.10095859249357E-27
321.440201120869	2.03117851750349E-27
321.490362875157	1.95511765463312E-27
321.540518975989	1.87224863232378E-27
321.59066942288	1.80112515663426E-27
321.640814215346	1.74633848844993E-27
321.690953352904	1.64319604107372E-27
321.741086835069	1.57028439770736E-27
321.791214661357	1.52582791895913E-27
321.841336831284	1.51371178647902E-27
321.891453344367	1.50680498298471E-27
321.94156420012	1.4946314760826E-27
321.991669398061	1.51223621100848E-27
322.041768937705	1.52709183567604E-27
322.091862818568	1.58227881434145E-27
322.141951040166	1.65240743194449E-27
322.192033602015	1.67862950183517E-27
322.242110503631	1.6918420026356E-27
322.29218174453	1.7010916672856E-27
322.342247324228	1.73334034341431E-27
322.392307242241	1.7457144457484E-27
322.442361498084	1.78284223131867E-27
322.492410091275	1.82999809055141E-27
322.542453021328	1.87494896861514E-27
322.592490287761	1.92922459904019E-27
322.642521890088	1.99914655233769E-27
322.692547827825	2.10826368751496E-27
322.74256810049	2.15285990633226E-27
322.792582707597	2.16861495544936E-27
322.842591648663	2.15124522251638E-27
322.892594923203	2.12887187729788E-27
322.942592530734	2.04782654052327E-27
322.992584470772	1.95397293666449E-27
323.042570742832	1.8754856124927E-27
323.092551346431	1.79662854383996E-27
323.142526281084	1.74180182090148E-27
323.192495546308	1.70932863127809E-27
323.242459141619	1.71235917834015E-27
323.292417066531	1.69712783653919E-27
323.342369320562	1.71429681124009E-27
323.392315903228	1.73813087045427E-27
323.442256814044	1.76511449114688E-27
323.492192052526	1.77752017953307E-27
323.54212161819	1.78414986908899E-27
323.592045510553	1.78318672658526E-27
323.64196372913	1.76186627335188E-27
323.691876273438	1.69700138765013E-27
323.741783142991	1.64702186529808E-27
323.791684337307	1.64977265729111E-27
323.841579855901	1.63488990115245E-27
323.891469698288	1.59849048752385E-27
323.941353863986	1.54785610041578E-27
323.991232352511	1.52388266678098E-27
324.041105163377	1.53261882524773E-27
324.090972296101	1.5410645866409E-27
324.140833750199	1.54011934412823E-27
324.190689525187	1.53989189475568E-27
324.240539620581	1.53806672582275E-27
324.290384035897	1.56441987443271E-27
324.340222770651	1.56101977071344E-27
324.390055824359	1.56801248881109E-27
324.439883196536	1.56739403166367E-27
324.4897048867	1.58771597903661E-27
324.539520894365	1.59711411183703E-27
324.589331219047	1.62341971309795E-27
324.639135860264	1.6846990138491E-27
324.68893481753	1.73974245745896E-27
324.738728090362	1.82411195934628E-27
324.788515678276	1.8784023566932E-27
324.838297580787	1.92951854832656E-27
324.888073797412	1.96737989014204E-27
324.937844327667	1.99856866046049E-27
324.987609171067	1.9944685906857E-27
325.037368327128	1.96219686050373E-27
325.087121795367	1.92020246419747E-27
325.136869575299	1.92177230794955E-27
325.186611666441	1.87466959782453E-27
325.236348068309	1.83709444599022E-27
325.286078780417	1.80064889232237E-27
325.335803802283	1.77531984322048E-27
325.385523133423	1.73019240605834E-27
325.435236773351	1.65344914459077E-27
325.484944721585	1.59734907804461E-27
325.534646977641	1.56043752555815E-27
325.584343541033	1.53514542239556E-27
325.634034411279	1.50491981037205E-27
325.683719587893	1.48638647734559E-27
325.733399070393	1.47065154819712E-27
325.783072858294	1.4666837706936E-27
325.832740951113	1.45406323868592E-27
325.882403348364	1.45539263296007E-27
325.932060049564	1.4617381068539E-27
325.98171105423	1.46714843550745E-27
326.031356361876	1.47349888238472E-27
326.080995972019	1.48192032516577E-27
326.130629884175	1.49407547770244E-27
326.18025809786	1.51520992814547E-27
326.22988061259	1.54817856577356E-27
326.279497427881	1.58790904602072E-27
326.329108543249	1.62838595328109E-27
326.37871395821	1.6677569644355E-27
326.428313672279	1.66998091686377E-27
326.477907684973	1.65254315716378E-27
326.527495995808	1.64148950011932E-27
326.577078604299	1.62499897775342E-27
326.626655509963	1.59775420489479E-27
326.676226712316	1.57054605478627E-27
326.725792210874	1.54470051112522E-27
326.775352005152	1.53628335590753E-27
326.824906094666	1.52241503158368E-27
326.874454478933	1.5444448137911E-27
326.923997157469	1.58566751017882E-27
326.973534129789	1.61817801668703E-27
327.02306539541	1.64637554833133E-27
327.072590953847	1.68553809567661E-27
327.122110804616	1.70119365388967E-27
327.171624947234	1.68841771226355E-27
327.221133381216	1.66510863368873E-27
327.270636106079	1.64871119299741E-27
327.320133121338	1.65762043173565E-27
327.369624426509	1.62248178567326E-27
327.419110021108	1.59408706256424E-27
327.468589904652	1.57498386866691E-27
327.518064076656	1.58645637049426E-27
327.567532536636	1.6087525866597E-27
327.616995284108	1.62550079185343E-27
327.666452318588	1.65610108111184E-27
327.715903639593	1.68126730235224E-27
327.765349246637	1.70914601398331E-27
327.814789139238	1.72487733996098E-27
327.86422331691	1.7467886448984E-27
327.913651779171	1.75392327976894E-27
327.963074525535	1.74234335253745E-27
328.01249155552	1.73442116569855E-27
328.06190286864	1.74308227781611E-27
328.111308464412	1.73695609275551E-27
328.160708342352	1.72832820558418E-27
328.210102501976	1.706606066096E-27
328.2594909428	1.71131450535433E-27
328.308873664339	1.68743326402777E-27
328.358250666111	1.69832374478036E-27
328.40762194763	1.72192043684141E-27
328.456987508412	1.7518109219192E-27
328.506347347975	1.77150025533685E-27
328.555701465833	1.80368079873309E-27
328.605049861502	1.85586447145835E-27
328.6543925345	1.89426965442838E-27
328.703729484341	1.89063121860296E-27
328.753060710541	1.86449027082486E-27
328.802386212617	1.8111920961772E-27
328.851705990084	1.75691083349833E-27
328.901020042459	1.66519609899261E-27
328.950328369257	1.59692695135654E-27
328.999630969995	1.53914668557574E-27
329.048927844188	1.49929714951488E-27
329.098218991352	1.47993409137482E-27
329.147504411004	1.44279043697511E-27
329.196784102659	1.42814289100502E-27
329.246058065834	1.42148804675648E-27
329.295326300043	1.41824924276251E-27
329.344588804804	1.41711215163049E-27
329.393845579632	1.4147717783749E-27
329.443096624043	1.41558674311911E-27
329.492341937554	1.42311853984022E-27
329.541581519679	1.43108778450732E-27
329.590815369936	1.42522327220548E-27
329.64004348784	1.44471844105353E-27
329.689265872906	1.45678209434699E-27
329.738482524652	1.44807928623688E-27
329.787693442593	1.43166671111833E-27
329.836898626245	1.42114748781276E-27
329.886098075123	1.39903134302174E-27
329.935291788745	1.3875996778952E-27
329.984479766625	1.37028254010462E-27
330.03366200828	1.37442085667249E-27
330.082838513227	1.40941848380018E-27
330.13200928098	1.45118041103678E-27
330.181174311055	1.49286731898133E-27
330.23033360297	1.53522555605692E-27
330.279487156239	1.58523471287772E-27
330.328634970379	1.64674042526021E-27
330.377777044906	1.6963537296779E-27
330.426913379335	1.74928779349973E-27
330.476043973183	1.81584506348816E-27
330.525168825965	1.84834285634164E-27
330.574287937198	1.87726374169431E-27
330.623401306398	1.87350941617136E-27
330.67250893308	1.87103749360641E-27
330.721610816761	1.8311756293708E-27
330.770706956956	1.79008080851802E-27
330.819797353181	1.74139855190182E-27
330.868882004953	1.66461634960857E-27
330.917960911788	1.61902612833509E-27
330.9670340732	1.58390523697288E-27
331.016101488707	1.57141457628907E-27
331.065163157825	1.54927284958963E-27
331.114219080068	1.56048800456378E-27
331.163269254954	1.57832805357805E-27
331.212313681998	1.59428365098923E-27
331.261352360716	1.62718972335761E-27
331.310385290625	1.64215747811138E-27
331.35941247124	1.65053592105876E-27
331.408433902076	1.67878956602819E-27
331.457449582651	1.66220733010933E-27
331.50645951248	1.64504138440564E-27
331.555463691079	1.59808714037389E-27
331.604462117964	1.56307406254933E-27
331.653454792651	1.52443575204694E-27
331.702441714656	1.49005567838646E-27
331.751422883495	1.46105175296897E-27
331.800398298684	1.43538188390603E-27
331.849367959739	1.43312292661905E-27
331.898331866175	1.43308421781384E-27
331.94729001751	1.4499212685058E-27
331.996242413258	1.47320616855789E-27
332.045189052936	1.49279532610938E-27
332.09412993606	1.54182141170589E-27
332.143065062145	1.58026986796969E-27
332.191994430708	1.63205170911363E-27
332.240918041265	1.64775196408102E-27
332.289835893332	1.67710904707182E-27
332.338747986424	1.65111687885735E-27
332.387654320057	1.61556532937564E-27
332.436554893749	1.57475212786467E-27
332.485449707014	1.53568919648813E-27
332.534338759368	1.48892032700189E-27
332.583222050328	1.45074377397146E-27
332.632099579409	1.43278438573681E-27
332.680971346128	1.44610564519944E-27
332.72983735	1.46301378259882E-27
332.778697590542	1.49435858750084E-27
332.827552067269	1.52203743617298E-27
332.876400779697	1.55472050245851E-27
332.925243727343	1.56716424949374E-27
332.974080909722	1.55734129200351E-27
333.02291232635	1.52654531602699E-27
333.071737976743	1.50768960491591E-27
333.120557860418	1.4964968519881E-27
333.16937197689	1.46684370898661E-27
333.218180325675	1.44111794148737E-27
333.266982906289	1.44251538818378E-27
333.315779718248	1.45635568089476E-27
333.364570761068	1.48956103179718E-27
333.413356034265	1.56281073856847E-27
333.462135537355	1.60205369872367E-27
333.510909269855	1.66595699634837E-27
333.559677231279	1.74169019281055E-27
333.608439421144	1.78600593335005E-27
333.657195838966	1.7920848885684E-27
333.705946484261	1.78295881774008E-27
333.754691356545	1.74146668233485E-27
333.803430455334	1.70138342208117E-27
333.852163780143	1.65786576047118E-27
333.90089133049	1.59738003291239E-27
333.949613105889	1.56713183350974E-27
333.998329105857	1.55272422393265E-27
334.047039329909	1.52816120597192E-27
334.095743777562	1.52113827717921E-27
334.144442448332	1.51904299403048E-27
334.193135341734	1.51478037715351E-27
334.241822457286	1.4844449359394E-27
334.290503794501	1.44114174191255E-27
334.339179352897	1.40505502889956E-27
334.38784913199	1.39250154259756E-27
334.436513131295	1.38183689176826E-27
334.485171350329	1.34837933252032E-27
334.533823788607	1.33479275982744E-27
334.582470445645	1.34521041377764E-27
334.63111132096	1.36276795453602E-27
334.679746414068	1.40311730236299E-27
334.728375724483	1.44178862169569E-27
334.776999251723	1.49507398345216E-27
334.825616995303	1.5619346288273E-27
334.87422895474	1.6149176624338E-27
334.922835129549	1.63269904961902E-27
334.971435519245	1.61703691884364E-27
335.020030123347	1.59294304768159E-27
335.068618941368	1.52685817784364E-27
335.117201972825	1.47887801586985E-27
335.165779217235	1.40971564446558E-27
335.214350674112	1.35210943930129E-27
335.262916342974	1.30676984140488E-27
335.311476223335	1.29382106524623E-27
335.360030314713	1.27797777790879E-27
335.408578616622	1.26823728214927E-27
335.45712112858	1.25066300982298E-27
335.505657850101	1.24554200399787E-27
335.554188780703	1.24210137748664E-27
335.6027139199	1.2302415169577E-27
335.651233267209	1.25149684932106E-27
335.699746822146	1.28702140041547E-27
335.748254584226	1.35758244662687E-27
335.796756552967	1.45549152706048E-27
335.845252727883	1.59062082140814E-27
335.893743108491	1.77388941051626E-27
335.942227694306	1.95640166100548E-27
335.990706484845	2.12403810763044E-27
336.039179479624	2.23852520494742E-27
336.087646678158	2.28272213415185E-27
336.136108079964	2.22047616370508E-27
336.184563684558	2.05616593214788E-27
336.233013491455	1.86479935560106E-27
336.281457500171	1.68362788905283E-27
336.329895710223	1.54895819420126E-27
336.378328121127	1.41851768307106E-27
336.426754732398	1.34719771514554E-27
336.475175543552	1.29218834402668E-27
336.523590554106	1.26835041114421E-27
336.571999763575	1.27498149478381E-27
336.620403171475	1.30697035208782E-27
336.668800777322	1.36440457865551E-27
336.717192580633	1.43216816574584E-27
336.765578580923	1.50215141967252E-27
336.813958777708	1.58053522788773E-27
336.862333170505	1.64301914027199E-27
336.910701758828	1.6947346082263E-27
336.959064542195	1.73972061582746E-27
337.007421520121	1.776784099933E-27
337.055772692122	1.79398207650482E-27
337.104118057714	1.80672900396014E-27
337.152457616413	1.80774727708144E-27
337.200791367735	1.78578796711397E-27
337.249119311196	1.72513170264329E-27
337.297441446311	1.66764196989392E-27
337.345757772598	1.60553174406502E-27
337.394068289572	1.51041837195747E-27
337.442372996748	1.40947738641635E-27
337.490671893644	1.32233757052228E-27
337.538964979774	1.26225866072333E-27
337.587252254655	1.20382245853759E-27
337.635533717803	1.18474486141688E-27
337.683809368733	1.18228619260856E-27
337.732079206962	1.19887579138985E-27
337.780343232006	1.23185234767631E-27
337.828601443381	1.31770976757957E-27
337.876853840602	1.39543513157658E-27
337.925100423185	1.48314039366702E-27
337.973341190648	1.57165063411633E-27
338.021576142505	1.62710195161998E-27
338.069805278272	1.62698835217964E-27
338.118028597466	1.60167418171376E-27
338.166246099602	1.57454813800221E-27
338.214457784197	1.52792331524471E-27
338.262663650766	1.49061795071876E-27
338.310863698826	1.45109540382606E-27
338.359057927892	1.39893842920028E-27
338.40724633748	1.3603993610744E-27
338.455428927107	1.34345740636258E-27
338.503605696288	1.31950882923959E-27
338.551776644539	1.31351783079162E-27
338.599941771376	1.30320692334527E-27
338.648101076316	1.30456210546015E-27
338.696254558874	1.3074676756786E-27
338.744402218565	1.32249247974537E-27
338.792544054908	1.32926161635957E-27
338.840680067416	1.33338698367358E-27
338.888810255606	1.3315230126157E-27
338.936934618994	1.34766234475629E-27
338.985053157097	1.36403267633633E-27
339.033165869429	1.38519678938957E-27
339.081272755507	1.42131045020613E-27
339.129373814847	1.4671410340969E-27
339.177469046966	1.54894184863262E-27
339.225558451378	1.62622723629551E-27
339.2736420276	1.6863183967815E-27
339.321719775147	1.7119946584918E-27
339.369791693537	1.70931614730309E-27
339.417857782284	1.66942428492627E-27
339.465918040905	1.61520609145981E-27
339.513972468916	1.56132516354311E-27
339.562021065833	1.48440282602501E-27
339.610063831171	1.42236009199851E-27
339.658100764447	1.37291833335921E-27
339.706131865176	1.33974400215809E-27
339.754157132875	1.30280578520471E-27
339.80217656706	1.27664323817296E-27
339.850190167246	1.23726950672085E-27
339.89819793295	1.2165812257806E-27
339.946199863687	1.18905810699457E-27
339.994195958974	1.17260939682555E-27
340.042186218326	1.1784038837444E-27
340.09017064126	1.19229710081123E-27
340.138149227291	1.20985397956604E-27
340.186121975935	1.22589447334842E-27
340.234088886709	1.25339751098625E-27
340.282049959128	1.30081896802994E-27
340.330005192708	1.32826162797082E-27
340.377954586966	1.36626694831419E-27
340.425898141417	1.37783467957583E-27
340.473835855577	1.39242872976592E-27
340.521767728962	1.40215333156672E-27
340.569693761088	1.42292019790173E-27
340.617613951472	1.43913905079137E-27
340.665528299628	1.46609827428461E-27
340.713436805074	1.47919765486792E-27
340.761339467325	1.48187040267912E-27
340.809236285896	1.49472405027738E-27
340.857127260305	1.50395395169888E-27
340.905012390067	1.4917324905489E-27
340.952891674697	1.46917585333607E-27
341.000765113713	1.42934761710531E-27
341.048632706629	1.40041373356591E-27
341.096494452963	1.39761979931883E-27
341.144350352229	1.39553754186433E-27
341.192200403944	1.4098506722036E-27
341.240044607623	1.44787096262484E-27
341.287882962784	1.51083236603126E-27
341.335715468941	1.58391084762089E-27
341.383542125611	1.64340800161382E-27
341.43136293231	1.67990337465836E-27
341.479177888553	1.68470116200583E-27
341.526986993857	1.65309523433049E-27
341.574790247738	1.60974098977195E-27
341.622587649711	1.55873060292713E-27
341.670379199292	1.49632897756788E-27
341.718164895999	1.42647308018903E-27
341.765944739345	1.35927987066759E-27
341.813718728848	1.31351402317871E-27
341.861486864024	1.27804984860518E-27
341.909249144388	1.24466972624315E-27
341.957005569456	1.21877821562818E-27
342.004756138745	1.20707459915988E-27
342.05250085177	1.21182340862454E-27
342.100239708048	1.22616056543278E-27
342.147972707094	1.24973954225003E-27
342.195699848423	1.29520580650184E-27
342.243421131554	1.34313009969553E-27
342.291136556	1.39654377150709E-27
342.338846121279	1.42345606812493E-27
342.386549826905	1.43249047728082E-27
342.434247672396	1.42594554907734E-27
342.481939657267	1.42652176373208E-27
342.529625781035	1.40187712991868E-27
342.577306043214	1.39413806468589E-27
342.624980443321	1.39250960660439E-27
342.672648980872	1.38205111350191E-27
342.720311655383	1.36576796367815E-27
342.76796846637	1.35103431546946E-27
342.815619413349	1.31206549696835E-27
342.863264495836	1.26491676415245E-27
342.910903713347	1.2241596907359E-27
342.958537065397	1.18779277515927E-27
343.006164551504	1.15348430393016E-27
343.053786171182	1.15376845321554E-27
343.101401923948	1.15625299566442E-27
343.149011809318	1.18877447685503E-27
343.196615826807	1.23487275609767E-27
343.244213975932	1.28216808617596E-27
343.291806256209	1.30895911637844E-27
343.339392667153	1.30640380076271E-27
343.386973208281	1.29628414429707E-27
343.434547879109	1.26266597896127E-27
343.482116679152	1.24861944700109E-27
343.529679607926	1.22993370314187E-27
343.577236664949	1.218024439545E-27
343.624787849734	1.20656142455769E-27
343.672333161799	1.21305203476843E-27
343.71987260066	1.24061988277064E-27
343.767406165832	1.2784046251931E-27
343.814933856831	1.33585668520694E-27
343.862455673173	1.39562713313327E-27
343.909971614375	1.49127367131867E-27
343.957481679952	1.61025701244541E-27
344.004985869421	1.72608015349421E-27
344.052484182297	1.85387725113136E-27
344.099976618095	1.95953540713123E-27
344.147463176333	2.04523894395284E-27
344.194943856527	2.12833629083542E-27
344.242418658191	2.12912043944343E-27
344.289887580842	2.06123308201674E-27
344.337350623997	1.94624334402859E-27
344.384807787171	1.82511515343283E-27
344.432259069879	1.74716137493803E-27
344.479704471639	1.67385130620956E-27
344.527143991965	1.63330351211403E-27
344.574577630375	1.57250472352775E-27
344.622005386383	1.5160354777666E-27
344.669427259507	1.42215751604066E-27
344.716843249261	1.36884640966644E-27
344.764253355162	1.32429348186114E-27
344.811657576726	1.28641142132131E-27
344.859055913469	1.22842213742583E-27
344.906448364906	1.16771274369477E-27
344.953834930554	1.12608233707093E-27
345.001215609929	1.09198366844181E-27
345.048590402547	1.08439345312278E-27
345.095959307923	1.09773463488237E-27
345.143322325574	1.11572521869387E-27
345.190679455015	1.1375496874105E-27
345.238030695763	1.15717413919256E-27
345.285376047334	1.17416186035693E-27
345.332715509243	1.16813853676453E-27
345.380049081006	1.17041091217553E-27
345.42737676214	1.16454110963768E-27
345.474698552161	1.15621682019647E-27
345.522014450584	1.14699382307232E-27
345.569324456925	1.13496971179924E-27
345.616628570701	1.15021668667224E-27
345.663926791427	1.17883411403877E-27
345.711219118619	1.24519559510385E-27
345.758505551794	1.29475837780794E-27
345.805786090467	1.34203082715137E-27
345.853060734154	1.39287687844126E-27
345.900329482371	1.44854979037776E-27
345.947592334635	1.5130007964442E-27
345.994849290461	1.56080594135306E-27
346.042100349365	1.59797414960448E-27
346.089345510863	1.59519575526615E-27
346.136584774471	1.56990907738014E-27
346.183818139705	1.5236453175834E-27
346.231045606081	1.46597076244718E-27
346.278267173115	1.39820397273592E-27
346.325482840323	1.32325302533892E-27
346.372692607221	1.28396706126709E-27
346.419896473325	1.26126137058423E-27
346.467094438151	1.25605886265083E-27
346.514286501214	1.25911066441454E-27
346.561472662032	1.26342597867637E-27
346.608652920119	1.26358488603098E-27
346.655827274992	1.26258981594331E-27
346.702995726167	1.24474082408547E-27
346.75015827316	1.22922272316328E-27
346.797314915486	1.20027401339676E-27
346.844465652663	1.17115338370668E-27
346.891610484204	1.13047274986652E-27
346.938749409628	1.10005124787965E-27
346.985882428448	1.09277465484129E-27
347.033009540183	1.10551169581002E-27
347.080130744347	1.12116039167591E-27
347.127246040457	1.15027704814171E-27
347.174355428028	1.16881290716596E-27
347.221458906576	1.20082396272368E-27
347.268556475618	1.2462129357549E-27
347.31564813467	1.31181953106671E-27
347.362733883247	1.37557237213398E-27
347.409813720865	1.44170902418356E-27
347.456887647041	1.51141845063073E-27
347.503955661289	1.57291087276476E-27
347.551017763128	1.63060859895678E-27
347.598073952071	1.65729433623001E-27
347.645124227636	1.65847836883E-27
347.692168589337	1.58870775756486E-27
347.739207036693	1.51305505689561E-27
347.786239569217	1.44297654359575E-27
347.833266186426	1.35444603408263E-27
347.880286887837	1.29589038595008E-27
347.927301672964	1.23801072976878E-27
347.974310541325	1.20067789706499E-27
348.021313492434	1.17797508426809E-27
348.068310525809	1.17019745420592E-27
348.115301640965	1.17227079547424E-27
348.162286837417	1.18893135470656E-27
348.209266114683	1.21163712353131E-27
348.256239472277	1.23463453175375E-27
348.303206909716	1.25962901176953E-27
348.350168426516	1.28162984001839E-27
348.397124022193	1.29580775865114E-27
348.444073696263	1.30575537916572E-27
348.491017448241	1.28497035681525E-27
348.537955277644	1.24328648331817E-27
348.584887183988	1.19700762091239E-27
348.631813166789	1.16022182676094E-27
348.678733225562	1.13164048848993E-27
348.725647359824	1.12930336591218E-27
348.772555569091	1.13230289318753E-27
348.819457852878	1.16294908397662E-27
348.866354210701	1.21050525974429E-27
348.913244642077	1.28443518450505E-27
348.960129146522	1.35080675278726E-27
349.007007723551	1.4225965766326E-27
349.053880372681	1.4697984607874E-27
349.100747093427	1.50980450960786E-27
349.147607885305	1.52735096514839E-27
349.194462747832	1.5286114564396E-27
349.241311680523	1.50139649283286E-27
349.288154682894	1.44272345660086E-27
349.334991754462	1.4025667855918E-27
349.381822894742	1.3768461113721E-27
349.42864810325	1.37592373348836E-27
349.475467379503	1.39518653247664E-27
349.522280723015	1.39415830190074E-27
349.569088133304	1.41334832934997E-27
349.615889609885	1.45041029175375E-27
349.662685152274	1.47919650325235E-27
349.709474759987	1.48764804112827E-27
349.75625843254	1.45565916790611E-27
349.803036169449	1.38995431870111E-27
349.84980797023	1.31129013438201E-27
349.8965738344	1.25015797786544E-27
349.943333761473	1.18089008395692E-27
349.990087750966	1.12240260024704E-27
350.036835802395	1.08903691550136E-27
350.083577915275	1.05907401283302E-27
350.130314089124	1.05250301273873E-27
350.177044323456	1.0503151006223E-27
350.223768617789	1.03500429655391E-27
350.270486971637	1.01588081852638E-27
350.317199384516	1.0107954151175E-27
350.363905855944	1.01947655013595E-27
350.410606385435	1.03995994585604E-27
350.457300972506	1.05894768094583E-27
350.503989616672	1.07636348864569E-27
350.55067231745	1.10052606715983E-27
350.597349074356	1.13338361156606E-27
350.644019886905	1.15259326462461E-27
350.690684754614	1.15775683844824E-27
350.737343676998	1.15098870822411E-27
350.783996653574	1.1432323946537E-27
350.830643683857	1.15759896576033E-27
350.877284767363	1.17791819841778E-27
350.923919903609	1.19472321406782E-27
350.970549092111	1.22690749364617E-27
351.017172332383	1.24534155757005E-27
351.063789623943	1.27755666109274E-27
351.110400966306	1.30855417630787E-27
351.157006358989	1.34389312248759E-27
351.203605801507	1.37042531191481E-27
351.250199293376	1.38648488388869E-27
351.296786834112	1.41999364141349E-27
351.343368423231	1.4366647952007E-27
351.38994406025	1.46664339978722E-27
351.436513744683	1.46158866409612E-27
351.483077476048	1.43419001447417E-27
351.52963525386	1.37655737754596E-27
351.576187077634	1.30137043171656E-27
351.622732946888	1.21952972697417E-27
351.669272861137	1.14988013858647E-27
351.715806819897	1.0895851819148E-27
351.762334822683	1.04935474418577E-27
351.808856869013	1.02149882251313E-27
351.855372958401	1.02169817008364E-27
351.901883090364	1.03524912019808E-27
351.948387264418	1.06272534070028E-27
351.994885480079	1.103670601896E-27
352.041377736863	1.14964311986065E-27
352.087864034285	1.18690672246384E-27
352.134344371862	1.22403913114235E-27
352.18081874911	1.26270068321759E-27
352.227287165544	1.32357446593274E-27
352.273749620681	1.37820597923524E-27
352.320206114037	1.4311640915145E-27
352.366656645127	1.47969991698471E-27
352.413101213468	1.52200436046654E-27
352.459539818575	1.59204387613526E-27
352.505972459965	1.67737232829638E-27
352.552399137153	1.73617443755686E-27
352.598819849656	1.71590251861755E-27
352.645234596989	1.63698847134229E-27
352.691643378669	1.54441734969912E-27
352.73804619421	1.45214382268759E-27
352.784443043131	1.35819392897155E-27
352.830833924945	1.28680994492634E-27
352.87721883917	1.218796172564E-27
352.923597785321	1.16071962443886E-27
352.969970762915	1.12917718975588E-27
353.016337771466	1.11273225991745E-27
353.062698810492	1.12591288526756E-27
353.109053879508	1.14845500238118E-27
353.15540297803	1.17689714964697E-27
353.201746105574	1.19333594171089E-27
353.248083261657	1.18871494749468E-27
353.294414445793	1.18011645839777E-27
353.340739657499	1.16655835295715E-27
353.387058896292	1.1540029361582E-27
353.433372161686	1.14241897131803E-27
353.479679453198	1.12139900956537E-27
353.525980770344	1.10214968168184E-27
353.57227611264	1.09904051992972E-27
353.618565479602	1.11642741758888E-27
353.664848870746	1.13748147605019E-27
353.711126285588	1.14724216507782E-27
353.757397723643	1.13517430549032E-27
353.803663184429	1.11929961304936E-27
353.849922667459	1.10652307557821E-27
353.896176172252	1.10024079141001E-27
353.942423698322	1.09765090708832E-27
353.988665245186	1.11629724483387E-27
354.03490081236	1.1261766696266E-27
354.081130399359	1.14024107335418E-27
354.1273540057	1.16856951381663E-27
354.173571630898	1.18782412214595E-27
354.21978327447	1.1986510738088E-27
354.265988935932	1.19179126014752E-27
354.312188614799	1.17425373989337E-27
354.358382310587	1.15393737491923E-27
354.404570022813	1.13132161013595E-27
354.450751750992	1.12024936574032E-27
354.496927494641	1.10413526640885E-27
354.543097253274	1.09653903373119E-27
354.58926102641	1.10256110617046E-27
354.635418813562	1.1130185670219E-27
354.681570614248	1.14248475063658E-27
354.727716427983	1.14645104846021E-27
354.773856254283	1.1359309170227E-27
354.819990092665	1.12669679719101E-27
354.866117942643	1.11622499131567E-27
354.912239803735	1.12263268655343E-27
354.958355675456	1.11527322423751E-27
355.004465557321	1.10519242271299E-27
355.050569448848	1.09477664110537E-27
355.096667349552	1.10007689716115E-27
355.142759258949	1.11898967459844E-27
355.188845176555	1.14544040098208E-27
355.234925101886	1.1746321066617E-27
355.280999034458	1.21588833223382E-27
355.327066973787	1.26260192834648E-27
355.373128919388	1.28827955079386E-27
355.419184870779	1.28810756256606E-27
355.465234827474	1.27306974854509E-27
355.51127878899	1.25773841879871E-27
355.557316754843	1.24360281158299E-27
355.603348724549	1.21862567023701E-27
355.649374697623	1.18674144001391E-27
355.695394673582	1.17293717965904E-27
355.741408651942	1.1675977694398E-27
355.787416632218	1.17059310316911E-27
355.833418613927	1.16759704717336E-27
355.879414596584	1.1681181495026E-27
355.925404579706	1.1579916529728E-27
355.971388562809	1.15695078273853E-27
356.017366545408	1.14907097019599E-27
356.063338527019	1.11392357841858E-27
356.109304507159	1.07021290156176E-27
356.155264485344	1.02794921246988E-27
356.201218461089	9.93556070719244E-28
356.24716643391	9.69939584782359E-28
356.293108403323	9.77820262040083E-28
356.339044368845	1.00392740647E-27
356.384974329991	1.05468810828881E-27
356.430898286278	1.12936153650662E-27
356.47681623722	1.21670051941043E-27
356.522728182335	1.31277309968148E-27
356.568634121138	1.38807045818459E-27
356.614534053146	1.43134939563063E-27
356.660427977873	1.44582260878975E-27
356.706315894837	1.41041808894861E-27
356.752197803552	1.37875910594108E-27
356.798073703536	1.35717468598271E-27
356.843943594303	1.3780974735308E-27
356.889807475371	1.4081589431184E-27
356.935665346255	1.42749204201501E-27
356.98151720647	1.45840766985067E-27
357.027363055534	1.49604096730309E-27
357.073202892961	1.50919017784863E-27
357.119036718268	1.46808364052445E-27
357.164864530972	1.36929752355267E-27
357.210686330586	1.27388575976174E-27
357.256502116629	1.19246430279038E-27
357.302311888616	1.13732469583546E-27
357.348115646062	1.09735794485472E-27
357.393913388484	1.05806427802649E-27
357.439705115398	1.02081046379148E-27
357.485490826319	9.98641492373344E-28
357.531270520764	9.72599883739616E-28
357.577044198248	9.50262871046371E-28
357.622811858289	9.34466538844481E-28
357.6685735004	9.3637522525814E-28
357.714329124099	9.5009570283755E-28
357.760078728902	9.76403164256751E-28
357.805822314324	9.90183850181268E-28
357.851559879882	1.02349981938249E-27
357.897291425091	1.09652205891735E-27
357.943016949468	1.20620231382993E-27
357.988736452528	1.34991965059256E-27
358.034449933787	1.45814809556709E-27
358.080157392761	1.53699905180697E-27
358.125858828967	1.56763254787002E-27
358.17155424192	1.59709789503162E-27
358.217243631137	1.59364289539909E-27
358.262926996132	1.56407676155098E-27
358.308604336423	1.52573038291609E-27
358.354275651525	1.51298267930216E-27
358.399940940954	1.51112181706801E-27
358.445600204226	1.52346562975684E-27
358.491253440857	1.55398050517899E-27
358.536900650364	1.61390977564907E-27
358.582541832261	1.68567108780452E-27
358.628176986065	1.71178482127985E-27
358.673806111293	1.68198293251239E-27
358.719429207459	1.6053920094024E-27
358.76504627408	1.52916542707576E-27
358.810657310672	1.45534000898697E-27
358.856262316751	1.39179261541E-27
358.901861291833	1.29600076998279E-27
358.947454235434	1.19646955733798E-27
358.993041147069	1.11555713850933E-27
359.038622026255	1.0503674819965E-27
359.084196872508	1.00099653096358E-27
359.129765685344	9.74878200403705E-28
359.175328464278	9.53234775010689E-28
359.220885208827	9.46397802164987E-28
359.266435918507	9.3629429778702E-28
359.311980592833	9.39489227457514E-28
359.357519231322	9.43984214153668E-28
359.403051833489	9.51518969418089E-28
359.448578398851	9.51684377115936E-28
359.494098926924	9.29951096176689E-28
359.539613417223	9.01521269897625E-28
359.585121869264	8.84112329086888E-28
359.630624282564	8.74649091849959E-28
359.676120656638	8.64238797518841E-28
359.721610991003	8.62453503679424E-28
359.767095285174	8.63787483936751E-28
359.812573538667	8.66657880229882E-28
359.858045750999	8.70842322667981E-28
359.903511921684	8.60813172937748E-28
359.94897205024	8.57520464875885E-28
359.994426136183	8.5091208331624E-28
360.039874179027	8.71181103227822E-28
360.08531617829	8.93296965974712E-28
360.130752133487	9.25138767625897E-28
360.176182044133	9.52743424521416E-28
360.221605909746	9.99273665611117E-28
360.267023729841	1.04355324160169E-27
360.312435503934	1.1030714626633E-27
360.357841231542	1.16161937534678E-27
360.403240912179	1.2131068350191E-27
360.448634545362	1.23479554960094E-27
360.494022130607	1.23874818100701E-27
360.539403667429	1.2264073266877E-27
360.584779155346	1.20860657526872E-27
360.630148593873	1.19956385721017E-27
360.675511982525	1.2326909616838E-27
360.720869320819	1.28462778547552E-27
360.766220608271	1.32318957544177E-27
360.811565844397	1.35680505610005E-27
360.856905028712	1.3960877243728E-27
360.902238160733	1.42870406502896E-27
360.947565239976	1.45254201871455E-27
360.992886265956	1.42750043917864E-27
361.03820123819	1.35169909545454E-27
361.083510156194	1.26895638604664E-27
361.128813019483	1.20437788902844E-27
361.174109827574	1.1692827457779E-27
361.219400579982	1.1436208064872E-27
361.264685276224	1.11484532282809E-27
361.309963915815	1.09203612332317E-27
361.355236498271	1.06549384967449E-27
361.400503023109	1.05253089383585E-27
361.445763489845	1.04212138418691E-27
361.491017897993	1.02515108239364E-27
361.536266247071	1.00733612060078E-27
361.581508536595	9.98827855002336E-28
361.626744766079	1.01747316415148E-27
361.671974935041	1.06792465645261E-27
361.717199042996	1.15601373422479E-27
361.76241708946	1.2730930025776E-27
361.80762907395	1.39673533583161E-27
361.85283499598	1.47266141873458E-27
361.898034855068	1.51276389771953E-27
361.943228650728	1.54022487902222E-27
361.988416382478	1.52328927114321E-27
362.033598049833	1.44267502321371E-27
362.078773652309	1.31323234968973E-27
362.123943189422	1.18619327087186E-27
362.169106660687	1.10190605567816E-27
362.214264065622	1.06493096783199E-27
362.259415403742	1.05606678856363E-27
362.304560674562	1.0375447551941E-27
362.349699877599	1.00713434999982E-27
362.39483301237	9.69331962977606E-28
362.439960078388	9.41694624933814E-28
362.485081075172	9.20990157945545E-28
362.530196002237	8.90218508245437E-28
362.575304859098	8.64952535747485E-28
362.620407645272	8.37984952988062E-28
362.665504360274	8.18246213547712E-28
362.710595003621	8.05686230227847E-28
362.755679574829	7.97214320218266E-28
362.800758073413	8.06310355916346E-28
362.84583049889	8.32769523695976E-28
362.890896850776	8.81967124364398E-28
362.935957128586	9.53239957628065E-28
362.981011331836	1.05440898560292E-27
363.026059460043	1.14782592698043E-27
363.071101512722	1.24077047060531E-27
363.11613748939	1.32688912068371E-27
363.161167389562	1.39080299095437E-27
363.206191212755	1.41880107385262E-27
363.251208958483	1.42651664951839E-27
363.296220626264	1.40816225368258E-27
363.341226215614	1.35914654630557E-27
363.386225726047	1.27922180608312E-27
363.431219157081	1.22281801153047E-27
363.476206508231	1.19274669720842E-27
363.521187779013	1.1834886433899E-27
363.566162968944	1.17052895832271E-27
363.611132077538	1.14791539926326E-27
363.656095104312	1.11126399800162E-27
363.701052048783	1.06346222784102E-27
363.746002910466	1.02396047779136E-27
363.790947688876	1.00089989103631E-27
363.835886383531	9.70104783164928E-28
363.880818993945	9.44426314682824E-28
363.925745519636	9.21550961052101E-28
363.970665960118	9.11118306785862E-28
364.015580314908	9.05085936005337E-28
364.060488583522	9.01094406020067E-28
364.105390765476	9.201672669322E-28
364.150286860286	9.40103795316489E-28
364.195176867468	9.59086817275129E-28
364.240060786537	9.85308322843788E-28
364.28493861701	1.0197639927682E-27
364.329810358402	1.06658034128282E-27
364.374676010231	1.10694057903037E-27
364.419535572011	1.13957838733516E-27
364.464389043258	1.15292039189657E-27
364.509236423489	1.16275850184059E-27
364.55407771222	1.19909663299861E-27
364.598912908966	1.25332162868644E-27
364.643742013244	1.3173121057021E-27
364.688565024569	1.32130240427038E-27
364.733381942458	1.32239743471226E-27
364.778192766426	1.3321021634316E-27
364.82299749599	1.36515484888605E-27
364.867796130664	1.37004125183475E-27
364.912588669967	1.33735738623229E-27
364.957375113412	1.28661336768106E-27
365.002155460517	1.23839120045428E-27
365.046929710797	1.19157981609298E-27
365.091697863769	1.12987986982762E-27
365.136459918947	1.0781911180256E-27
365.181215875849	1.04270093784419E-27
365.22596573399	1.01269632406642E-27
365.270709492886	9.94582970465929E-28
365.315447152053	9.72357270181358E-28
365.360178711008	9.5948264759346E-28
365.404904169265	9.51591940675984E-28
365.449623526341	9.54259234879581E-28
365.494336781753	9.55618287759579E-28
365.539043935015	9.47587061767975E-28
365.583744985644	9.45861238816566E-28
365.628439933157	9.50021922018199E-28
365.673128777068	9.40725437065702E-28
365.717811516894	9.19964586004393E-28
365.762488152151	9.07207886428692E-28
365.807158682355	9.02020949377664E-28
365.851823107021	9.06723549623497E-28
365.896481425666	9.14105996262536E-28
365.941133637806	9.13941813522729E-28
365.985779742957	9.05434737389953E-28
366.030419740635	9.04283395356452E-28
366.075053630355	9.21734460597916E-28
366.119681411634	9.39904850021681E-28
366.164303083987	9.56159837618295E-28
366.208918646931	9.72725595156043E-28
366.253528099981	9.96161689959599E-28
366.298131442654	1.01556738819512E-27
366.342728674466	1.03012715221576E-27
366.387319794932	1.0281528191104E-27
366.431904803569	1.03535446472444E-27
366.476483699892	1.04792220069526E-27
366.521056483417	1.06072826251634E-27
366.565623153661	1.05266024946333E-27
366.610183710139	1.03070284177104E-27
366.654738152367	1.02229218405439E-27
366.699286479862	1.03336616897243E-27
366.743828692139	1.0651361091518E-27
366.788364788714	1.09256897385893E-27
366.832894769103	1.10599568210017E-27
366.877418632823	1.10801908615903E-27
366.921936379389	1.11259474368717E-27
366.966448008317	1.10496052993702E-27
367.010953519123	1.08835284558791E-27
367.055452911323	1.0551250633065E-27
367.099946184433	1.02308796023076E-27
367.144433337969	9.94479013907097E-28
367.188914371448	9.7401577691853E-28
367.233389284384	9.67717517707749E-28
367.277858076294	9.51999055196819E-28
367.322320746694	9.46428893130201E-28
367.3667772951	9.3937069525061E-28
367.411227721028	9.42977691457503E-28
367.455672023994	9.50715170803796E-28
367.500110203513	9.60694401050783E-28
367.544542259103	9.76745498148781E-28
367.588968190278	1.00057349205532E-27
367.633387996555	1.02139655530298E-27
367.677801677449	1.03565304008888E-27
367.722209232478	1.05594792513726E-27
367.766610661156	1.08886096380301E-27
367.811005962999	1.13748626176618E-27
367.855395137524	1.1858013867332E-27
367.899778184247	1.20255986156182E-27
367.944155102684	1.17304757910031E-27
367.98852589235	1.15472229862705E-27
368.032890552761	1.14741998172757E-27
368.077249083434	1.15703198651133E-27
368.121601483884	1.14949820888194E-27
368.165947753628	1.106997373382E-27
368.210287892181	1.06512515590835E-27
368.25462189906	1.03132467851874E-27
368.29894977378	1.02580160658069E-27
368.343271515857	1.0412878240786E-27
368.387587124808	1.05057203318749E-27
368.431896600147	1.05343833299659E-27
368.476199941392	1.05805274983286E-27
368.520497148059	1.09095336025798E-27
368.564788219662	1.14525322309882E-27
368.609073155719	1.20104613978695E-27
368.653351955745	1.22664963645079E-27
368.697624619256	1.23075889131973E-27
368.741891145768	1.22463200445347E-27
368.786151534797	1.21288791891091E-27
368.830405785859	1.18732146515738E-27
368.87465389847	1.14445882169074E-27
368.918895872146	1.08031685044751E-27
368.963131706403	1.01303262773952E-27
369.007361400757	9.54912765901396E-28
369.051584954724	9.16424516553257E-28
369.09580236782	8.93091294812512E-28
369.14001363956	8.80551010337131E-28
369.184218769462	8.86299677261359E-28
369.22841775704	9.07036608051076E-28
369.272610601811	9.10905153022862E-28
369.316797303291	9.23706082753571E-28
369.360977860995	9.45032488956759E-28
369.40515227444	9.67364769381036E-28
369.449320543142	9.82366730664121E-28
369.493482666617	9.85425345000111E-28
369.53763864438	9.73970675059486E-28
369.581788475947	9.57198780164653E-28
369.625932160836	9.42775333623852E-28
369.670069698561	9.35308046924683E-28
369.714201088638	9.2422250615481E-28
369.758326330584	9.00586278908926E-28
369.802445423914	8.77346382157386E-28
369.846558368145	8.57370156948795E-28
369.890665162792	8.49654632293424E-28
369.934765807371	8.43505792974851E-28
369.978860301399	8.4245073602898E-28
370.022948644391	8.41845039506465E-28
370.067030835863	8.44585519245309E-28
370.111106875332	8.54678018439987E-28
370.155176762313	8.80744770759704E-28
370.199240496322	9.27241007430314E-28
370.243298076876	9.71884023819224E-28
370.287349503489	1.00781007115558E-27
370.331394775679	1.05348697922004E-27
370.375433892961	1.13081873683159E-27
370.419466854851	1.20993158595545E-27
370.463493660865	1.27447154050799E-27
370.507514310519	1.30227145312055E-27
370.551528803329	1.32400480651062E-27
370.595537138811	1.34651817343884E-27
370.639539316481	1.34620363483636E-27
370.683535335854	1.3371202588063E-27
370.727525196448	1.33042799972694E-27
370.771508897778	1.30809018848701E-27
370.815486439359	1.2696634091802E-27
370.859457820709	1.23491167721606E-27
370.903423041342	1.17495419094503E-27
370.947382100775	1.12494944181986E-27
370.991334998523	1.07009193301311E-27
371.035281734104	1.02240919683744E-27
371.079222307032	9.64357349196935E-28
371.123156716824	9.0193044036159E-28
371.167084962995	8.50820907054652E-28
371.211007045062	8.13158342974702E-28
371.254922962541	7.80132578178117E-28
371.298832714947	7.57723564514833E-28
371.342736301797	7.51525445063363E-28
371.386633722606	7.43591235978781E-28
371.43052497689	7.49100801807225E-28
371.474410064167	7.4565015052241E-28
371.51828898395	7.47730977119236E-28
371.562161735757	7.6135629271501E-28
371.606028319104	7.81933546292273E-28
371.649888733505	8.15987632527284E-28
371.693742978478	8.43201183716033E-28
371.737591053539	8.89818570591596E-28
371.781432958202	9.65412803449698E-28
371.825268691985	1.05854853829615E-27
371.869098254403	1.15299599652803E-27
371.912921644973	1.26303246109393E-27
371.956738863209	1.38637846891689E-27
372.000549908629	1.50316665337605E-27
372.044354780747	1.60945546382689E-27
372.088153479081	1.63149710386681E-27
372.131946003146	1.52143998777808E-27
372.175732352458	1.37989033402425E-27
372.219512526533	1.27271766213886E-27
372.263286524887	1.18631485453914E-27
372.307054347036	1.09348038061861E-27
372.350815992496	1.00321293314098E-27
372.394571460782	9.16603938826159E-28
372.438320751412	8.39879882645354E-28
372.4820638639	8.20982319571102E-28
372.525800797764	8.3306599779639E-28
372.569531552518	8.63359973481137E-28
372.613256127678	8.73071728584731E-28
372.656974522762	8.70028223502141E-28
372.700686737284	8.62003767376687E-28
372.744392770761	8.56129929936618E-28
372.788092622709	8.62620436006163E-28
372.831786292643	8.74890106460406E-28
372.87547378008	8.6343624512147E-28
372.919155084536	8.28814657185046E-28
372.962830205526	8.08126520820342E-28
373.006499142567	8.06967998502768E-28
373.050161895174	8.3243705911722E-28
373.093818462864	8.83156244761537E-28
373.137468845152	9.53045247706073E-28
373.181113041554	1.02007362834777E-27
373.224751051587	1.08825012189765E-27
373.268382874766	1.19001422118437E-27
373.312008510608	1.32877546322593E-27
373.355627958628	1.45185258053548E-27
373.399241218342	1.52643068947728E-27
373.442848289267	1.60481424560914E-27
373.486449170918	1.67484666678685E-27
373.530043862811	1.72250687974504E-27
373.573632364462	1.68110541239964E-27
373.617214675387	1.55758727443906E-27
373.660790795103	1.37711143746733E-27
373.704360723125	1.24850879383982E-27
373.747924458968	1.16246558611714E-27
373.79148200215	1.07606250829638E-27
373.835033352186	9.73743207762908E-28
373.878578508592	8.68833978447906E-28
373.922117470884	7.98775763620393E-28
373.965650238578	7.60952989472795E-28
374.009176811189	7.41419076344358E-28
374.052697188235	7.29648591279208E-28
374.096211369231	7.3839647625147E-28
374.139719353692	7.57005899191882E-28
374.183221141135	7.91361075833117E-28
374.226716731076	8.24081186656334E-28
374.270206123031	8.62748094994654E-28
374.313689316516	9.13927977306265E-28
374.357166311046	1.00936656493384E-27
374.400637106138	1.10489889763088E-27
374.444101701308	1.1596369304489E-27
374.487560096071	1.16967749413357E-27
374.531012289944	1.14557294495672E-27
374.574458282442	1.16300426117615E-27
374.617898073083	1.25799311544082E-27
374.66133166138	1.33643938990995E-27
374.704759046851	1.38535513024178E-27
374.748180229012	1.42264630561844E-27
374.791595207378	1.45231901206793E-27
374.835003981465	1.4561608284954E-27
374.87840655079	1.45743370546022E-27
374.921802914869	1.41115974903703E-27
374.965193073216	1.29720913702432E-27
375.008577025349	1.15742209376365E-27
375.051954770783	1.0479107279252E-27
375.095326309035	9.60831713447413E-28
375.13869163962	8.81911142557656E-28
375.182050762054	8.15596843796022E-28
375.225403675853	7.70761815785216E-28
375.268750380534	7.32107581447542E-28
375.312090875611	7.03485858574325E-28
375.355425160602	6.87134658624084E-28
375.398753235021	6.7160456330267E-28
375.442075098386	6.53940799353908E-28
375.485390750212	6.51639201925589E-28
375.528700190015	6.70310256292817E-28
375.572003417311	7.1809421636398E-28
375.615300431616	7.81285817730944E-28
375.658591232445	8.54442165483534E-28
375.701875819316	9.36415559254854E-28
375.745154191744	1.00320640241992E-27
375.788426349244	1.06526170460685E-27
375.831692291333	1.09141954558731E-27
375.874952017527	1.09060626886376E-27
375.918205527342	1.06885576348655E-27
375.961452820294	1.01253029802337E-27
376.004693895898	9.61935779460797E-28
376.047928753671	9.22267673952799E-28
376.091157393128	8.96575357257402E-28
376.134379813787	9.29751975260876E-28
376.177596015162	9.77048208498278E-28
376.220805996769	1.00217114801753E-27
376.264009758125	9.86987282527024E-28
376.307207298746	9.69588737456694E-28
376.350398618147	9.74819471054483E-28
376.393583715845	9.80307104612041E-28
376.436762591355	9.92800847926635E-28
376.479935244193	1.03071253743706E-27
376.523101673876	1.03361086526016E-27
376.566261879919	1.0230147123169E-27
376.609415861839	1.03043217255137E-27
376.652563619151	1.03869033302919E-27
376.695705151371	1.03667150904821E-27
376.738840458016	1.03551302400919E-27
376.781969538601	1.05047992357031E-27
376.825092392642	1.04691563989622E-27
376.868209019655	1.01935061095315E-27
376.911319419156	1.00165789609559E-27
376.954423590662	9.93312188896357E-28
376.997521533688	9.73819312149797E-28
377.040613247749	9.60468624112277E-28
377.083698732363	9.4929221668139E-28
377.126777987045	9.2859226633915E-28
377.169851011311	8.97764583618256E-28
377.212917804677	8.67815583946524E-28
377.255978366659	8.51080908917595E-28
377.299032696772	8.31431360945007E-28
377.342080794534	8.3021457359692E-28
377.38512265946	8.38617664999637E-28
377.428158291065	8.37305816500166E-28
377.471187688866	8.39238220523503E-28
377.514210852379	8.34156642039396E-28
377.55722778112	8.34128369926946E-28
377.600238474605	8.37018481266695E-28
377.643242932349	8.4270986957794E-28
377.686241153869	8.41537201415901E-28
377.729233138681	8.32152514206574E-28
377.7722188863	8.10339334961017E-28
377.815198396243	7.99688998273355E-28
377.858171668025	7.94258721495213E-28
377.901138701163	7.88591128898865E-28
377.944099495173	7.7948287191353E-28
377.98705404957	7.66709886963848E-28
378.030002363871	7.62059297197285E-28
378.072944437591	7.48145367290258E-28
378.115880270246	7.55693509228895E-28
378.158809861353	7.59989832590514E-28
378.201733210428	7.51750040608429E-28
378.244650316985	7.38948171956909E-28
378.287561180542	7.39097052848766E-28
378.330465800615	7.44273198957341E-28
378.373364176718	7.70428041972639E-28
378.416256308369	8.10680843734594E-28
378.459142195083	8.29802422878771E-28
378.502021836376	8.48170975849349E-28
378.544895231765	8.90316923750853E-28
378.587762380765	9.4444735453523E-28
378.630623282891	9.94510227336828E-28
378.673477937661	1.03698311783817E-27
378.71632634459	1.05924958591294E-27
378.759168503194	1.06010043223772E-27
378.802004412989	1.07329197237429E-27
378.844834073491	1.08464098750587E-27
378.887657484215	1.0616764261702E-27
378.930474644679	1.03548495566224E-27
378.973285554398	1.01060170437695E-27
379.016090212888	1.00875895070147E-27
379.058888619664	9.98004869116802E-28
379.101680774243	9.94040573924175E-28
379.144466676141	9.77657197018314E-28
379.187246324874	9.68273270468148E-28
379.230019719958	9.96318913611851E-28
379.272786860908	1.04819440891325E-27
379.315547747241	1.09487562987162E-27
379.358302378473	1.1017334863126E-27
379.401050754119	1.09705804378074E-27
379.443792873696	1.1039765109468E-27
379.48652873672	1.1116081144768E-27
379.529258342706	1.13898629802678E-27
379.571981691171	1.1874768122184E-27
379.61469878163	1.19527250003075E-27
379.6574096136	1.18853658326588E-27
379.700114186596	1.22321454191356E-27
379.742812500134	1.26814970190782E-27
379.785504553731	1.25249859357239E-27
379.828190346903	1.19045962207769E-27
379.870869879165	1.11495250682354E-27
379.913543150033	1.06806542098567E-27
379.956210159023	1.02145817608733E-27
379.998870905652	9.61609888451799E-28
380.041525389435	9.06515135142195E-28
380.084173609888	8.41816950021433E-28
380.126815566527	7.97871359976437E-28
380.169451258868	7.79529397170069E-28
380.212080686428	7.7388401694806E-28
380.254703848722	7.60694840403619E-28
380.297320745266	7.40356630402024E-28
380.339931375576	7.21589752770388E-28
380.382535739168	7.24384844350871E-28
380.425133835558	7.42248153502144E-28
380.467725664262	7.68124688912879E-28
380.510311224796	8.01246712445534E-28
380.552890516675	8.14740602880446E-28
380.595463539417	8.14205285419488E-28
380.638030292537	8.08378497768687E-28
380.68059077555	8.06070205412224E-28
380.723144987974	8.08231335817236E-28
380.765692929323	7.73904175505702E-28
380.808234599114	7.44220032024021E-28
380.850769996863	7.16127919895779E-28
380.893299122085	6.94109058764275E-28
380.935821974297	6.91535266072739E-28
380.978338553015	6.91193819359186E-28
381.020848857754	6.98893712836603E-28
381.063352888031	7.22047339716144E-28
381.105850643362	7.4909716695706E-28
381.148342123262	7.85851903377919E-28
381.190827327248	8.20042308239817E-28
381.233306254835	8.5360640004893E-28
381.27577890554	8.98101970679105E-28
381.318245278878	9.69334152414386E-28
381.360705374366	1.05820769393417E-27
381.403159191519	1.10155237490297E-27
381.445606729854	1.07319610302505E-27
381.488047988886	1.04085103415239E-27
381.530482968131	1.01967491811135E-27
381.572911667105	9.84710452323423E-28
381.615334085325	9.66259586256772E-28
381.657750222306	9.25155684269596E-28
381.700160077564	8.92829628415852E-28
381.742563650616	8.95239890411501E-28
381.784960940976	9.37790591250056E-28
381.827351948162	1.00550603928628E-27
381.869736671689	1.05639084326676E-27
381.912115111073	1.09757006282597E-27
381.95448726583	1.11130902428998E-27
381.996853135476	1.10305533854609E-27
382.039212719527	1.05131899291845E-27
382.081566017499	9.98284221841039E-28
382.123913028908	9.46026310956832E-28
382.16625375327	9.17715705904416E-28
382.208588190101	9.04345111657282E-28
382.250916338917	9.05940649940286E-28
382.293238199233	9.30729517505401E-28
382.335553770567	1.00664595310955E-27
382.377863052433	1.09427810221259E-27
382.420166044348	1.16321178952228E-27
382.462462745828	1.21500176936705E-27
382.504753156388	1.25305449989142E-27
382.547037275546	1.24505873061998E-27
382.589315102816	1.22445665602393E-27
382.631586637714	1.20659700031483E-27
382.673851879757	1.18404821540408E-27
382.716110828461	1.1358635172508E-27
382.758363483341	1.07423705626312E-27
382.800609843914	1.04919016703604E-27
382.842849909696	1.02758806977554E-27
382.885083680202	9.76880588000698E-28
382.927311154948	9.80506279963266E-28
382.969532333451	1.02972699157516E-27
383.011747215226	1.05305034285992E-27
383.053955799789	1.04216450711219E-27
383.096158086657	1.06916866877026E-27
383.138354075346	1.14740424324542E-27
383.18054376537	1.21458339716894E-27
383.222727156247	1.24349109261359E-27
383.264904247492	1.25121596706716E-27
383.307075038622	1.19684767897982E-27
383.349239529151	1.11214570233438E-27
383.391397718597	1.06803537723195E-27
383.433549606475	1.04449763265025E-27
383.475695192301	1.01357905357343E-27
383.517834475591	1.00283821440559E-27
383.559967455861	1.03231856026026E-27
383.602094132627	1.06942454272882E-27
383.644214505405	1.08869266715252E-27
383.686328573712	1.11963575585783E-27
383.728436337062	1.13460991307678E-27
383.770537794972	1.19440401411363E-27
383.812632946958	1.27091147804932E-27
383.854721792536	1.28475979797791E-27
383.896804331222	1.19295389185213E-27
383.938880562531	1.0654260326316E-27
383.980950485981	9.54526144895691E-28
384.023014101086	8.91415243017758E-28
384.065071407363	8.50536443920175E-28
384.107122404327	8.10787893670888E-28
384.149167091496	7.54126860578434E-28
384.191205468384	6.86346370781579E-28
384.233237534508	6.5627760944917E-28
384.275263289383	6.49539512353676E-28
384.317282732526	6.52612350000384E-28
384.359295863452	6.64041185523174E-28
384.401302681678	6.6894929919642E-28
384.44330318672	6.63145607899429E-28
384.485297378093	6.41448527473498E-28
384.527285255313	6.36666521302259E-28
384.569266817897	6.43967379063572E-28
384.611242065361	6.38944007417799E-28
384.653210997219	6.40851528439013E-28
384.695173612989	6.64314990167789E-28
384.737129912187	6.95110097438835E-28
384.779079894328	7.12445509355477E-28
384.821023558928	7.40116013120579E-28
384.862960905503	7.61836118519648E-28
384.904891933569	7.55286476947386E-28
384.946816642643	7.54578572844098E-28
384.98873503224	7.60068613280365E-28
385.030647101876	7.53647992243152E-28
385.072552851067	7.42630769939417E-28
385.114452279329	7.31418536026851E-28
385.156345386179	7.33912483420129E-28
385.198232171131	7.36978943299182E-28
385.240112633702	7.51103932321059E-28
385.281986773409	7.90533682226499E-28
385.323854589766	8.34371688606632E-28
385.36571608229	8.91931838040034E-28
385.407571250498	9.04912664146563E-28
385.449420093904	8.92802706344825E-28
385.491262612025	8.86559934406457E-28
385.533098804376	9.07479518173475E-28
385.574928670475	9.50176430638826E-28
385.616752209836	1.00343699304907E-27
385.658569421976	1.04670443926242E-27
385.700380306411	1.0790461243306E-27
385.742184862657	1.11656035347727E-27
385.783983090229	1.17638682433804E-27
385.825774988644	1.25635444401952E-27
385.867560557417	1.2908567517047E-27
385.909339796065	1.19925249654273E-27
385.951112704104	1.10431446335869E-27
385.992879281049	9.95596628288828E-28
386.034639526417	8.96416780823011E-28
386.076393439723	8.27480284712699E-28
386.118141020484	7.79619199873613E-28
386.159882268215	7.2801992474812E-28
386.201617182432	6.92691056743129E-28
386.243345762652	6.82586982404108E-28
386.285068008391	7.05815304322772E-28
386.326783919163	7.14108476301229E-28
386.368493494486	7.17290311582287E-28
386.410196733875	7.26804851004573E-28
386.451893636847	7.27569661711325E-28
386.493584202917	7.37385055635318E-28
386.5352684316	7.54013632257377E-28
386.576946322414	7.58844150439333E-28
386.618617874875	7.43374089196608E-28
386.660283088497	7.39716293639781E-28
386.701941962797	7.65046092012343E-28
386.743594497292	7.89939757910721E-28
386.785240691496	8.20863000108891E-28
386.826880544927	8.67977336595058E-28
386.8685140571	8.97663299816861E-28
386.91014122753	9.26631287270094E-28
386.951762055734	9.87425580824096E-28
386.993376541229	1.02883051773769E-27
387.034984683529	1.02271959452419E-27
387.076586482151	1.01508221121629E-27
387.118181936611	9.65862631234456E-28
387.159771046425	8.91021117693583E-28
387.201353811109	8.1299939766513E-28
387.242930230178	7.58806290259065E-28
387.284500303149	7.254296124606E-28
387.326064029538	6.90587548722729E-28
387.36762140886	6.62464978432741E-28
387.409172440632	6.53927339392902E-28
387.45071712437	6.53107800910692E-28
387.492255459589	6.88938851449258E-28
387.533787445806	7.54346540065846E-28
387.575313082536	8.11581735091463E-28
387.616832369296	8.43342596146687E-28
387.658345305602	8.50148551461936E-28
387.699851890968	8.76361999706084E-28
387.741352124913	8.95083949443096E-28
387.78284600695	9.11916555195996E-28
387.824333536598	9.23624984953333E-28
387.86581471337	9.05311700477265E-28
387.907289536784	8.92635395619081E-28
387.948758006355	9.22174134605015E-28
387.990220121599	9.70829990590769E-28
388.031675882033	1.00429748615018E-27
388.073125287172	9.63175380247566E-28
388.114568336532	9.55345856572346E-28
388.156005029629	9.39926005144852E-28
388.19743536598	9.3243240955526E-28
388.238859345099	9.29352312217374E-28
388.280276966504	9.46701105633517E-28
388.32168822971	9.62698527940083E-28
388.363093134232	9.71895889977574E-28
388.404491679588	1.01266186428467E-27
388.445883865293	1.04934062163858E-27
388.487269690863	1.0814794068477E-27
388.528649155813	1.16159131454488E-27
388.570022259661	1.22084754738625E-27
388.611389001921	1.24583063530996E-27
388.652749382111	1.2248730190407E-27
388.694103399745	1.17365476402224E-27
388.73545105434	1.11880610837584E-27
388.776792345412	1.10380125179187E-27
388.818127272476	1.08603149743659E-27
388.859455835049	1.0572244051224E-27
388.900778032647	9.91296135711307E-28
388.942093864786	9.44503847981918E-28
388.983403330981	9.23309999003257E-28
389.024706430749	9.20551046113955E-28
389.066003163606	9.0664459208333E-28
389.107293529067	8.97593619760206E-28
389.148577526648	8.97118679821967E-28
389.189855155867	9.11605247355445E-28
389.231126416237	9.43152127331971E-28
389.272391307276	9.86630202762309E-28
389.3136498285	1.01130927866861E-27
389.354901979424	9.94645098968893E-28
389.396147759564	9.8957359761403E-28
389.437387168437	9.98260193493586E-28
389.478620205558	1.01869452539366E-27
389.519846870443	1.05066746269133E-27
389.561067162609	1.06293175445315E-27
389.602281081571	1.07072996139873E-27
389.643488626845	1.10638701126566E-27
389.684689797947	1.14636577136635E-27
389.725884594394	1.21682112660802E-27
389.7670730157	1.28666596885442E-27
389.808255061383	1.32766531158271E-27
389.849430730958	1.36895238594688E-27
389.890600023941	1.40545215031928E-27
389.931762939848	1.48807514020936E-27
389.972919478195	1.57689415828428E-27
390.014069638498	1.68676561105155E-27
390.055213420273	1.80402030770571E-27
390.096350823036	1.88085150516324E-27
390.137481846303	2.00270559798113E-27
390.17860648959	2.10434239903139E-27
390.219724752412	2.30007632934871E-27
390.260836634287	2.54935132449926E-27
390.301942134729	2.87531551408344E-27
390.343041253255	3.09228371790706E-27
390.384133989381	3.36886916595361E-27
390.425220342622	3.59514785019502E-27
390.466300312495	3.76701193756344E-27
390.507373898516	3.89498532884208E-27
390.548441100201	4.07178389224666E-27
390.589501917065	4.33292742290128E-27
390.630556348625	4.46509033047423E-27
390.671604394396	2.34993472075544E-27
