293.964827185568	-0.000146126062622669
294.01792795451	-0.000134721432879217
294.071023327497	-0.000124993408264469
294.124113304045	-0.000116559882866114
294.177197883671	-0.000109162316337373
294.230277065889	-0.000101428658390919
294.283350850217	-9.4807887836367E-05
294.336419236171	-8.83652601665368E-05
294.389482223265	-8.20192559689078E-05
294.442539811017	-7.59524088848657E-05
294.495591998942	-7.05074377739432E-05
294.548638786556	-6.52270909019011E-05
294.601680173375	-6.00808754447594E-05
294.654716158915	-5.48003424509568E-05
294.707746742692	-5.06136650160824E-05
294.760771924222	-4.66066735927055E-05
294.813791703021	-4.27980231207021E-05
294.866806078605	-3.84808925699288E-05
294.91981505049	-3.46361205667301E-05
294.972818618192	-3.11548317792267E-05
295.025816781226	-2.71691029932412E-05
295.07880953911	-2.24417297031667E-05
295.131796891358	-1.8014147972002E-05
295.184778837488	-1.33563983079914E-05
295.237755377014	-8.46554785325475E-06
295.290726509452	-3.5630355450656E-06
295.34369223432	6.19386833848707E-07
295.396652551132	4.52096665616966E-06
295.449607459405	7.95314364225167E-06
295.502556958654	1.0578201215294E-05
295.555501048396	1.25170046483002E-05
295.608439728147	1.3594455118675E-05
295.661372997422	1.40054587758186E-05
295.714300855737	1.39501946238822E-05
295.76722330261	1.35945115889574E-05
295.820140337554	1.33230096008713E-05
295.873051960087	1.28864335418333E-05
295.925958169725	1.2807188858547E-05
295.978858965983	1.35864951880047E-05
296.031754348377	1.47830825219641E-05
296.084644316424	1.68577457832703E-05
296.137528869639	1.89095743859622E-05
296.190408007538	2.08788039338802E-05
296.243281729638	2.22393548942129E-05
296.296150035454	2.32084958982173E-05
296.349012924502	2.37067531911118E-05
296.401870396298	2.27862032539671E-05
296.454722450358	2.07742947489036E-05
296.507569086199	1.75788467695794E-05
296.560410303336	1.38369492738811E-05
296.613246101284	1.03484144284058E-05
296.666076479561	5.96885131111106E-06
296.718901437682	1.94158426720067E-06
296.771720975163	-1.25020452581275E-06
296.82453509152	-3.43987596794686E-06
296.877343786268	-4.71886570770005E-06
296.930147058925	-4.5763526361496E-06
296.982944909006	-4.10157899985209E-06
297.035737336026	-3.02538233833171E-06
297.088524339502	-1.50666194990181E-06
297.14130591895	3.81139333846497E-07
297.194082073886	2.12227944745374E-06
297.246852803826	3.87196019531256E-06
297.299618108286	5.78307618853223E-06
297.352377986781	7.09864686871196E-06
297.405132438828	8.40529818525773E-06
297.457881463942	9.50410135456523E-06
297.51062506164	1.0571201423517E-05
297.563363231438	1.17813626176624E-05
297.616095972851	1.30559223419191E-05
297.668823285396	1.40702422469183E-05
297.721545168589	1.4961083208998E-05
297.774261621945	1.55229735029161E-05
297.82697264498	1.58921835362711E-05
297.879678237211	1.61357100868909E-05
297.932378398153	1.61520638889761E-05
297.985073127323	1.59794301791569E-05
298.037762424236	1.60562736075829E-05
298.090446288408	1.57430583954124E-05
298.143124719356	1.52764690079329E-05
298.195797716595	1.45647864854534E-05
298.248465279642	1.36907577372315E-05
298.301127408011	1.29914830295038E-05
298.35378410122	1.19072431350593E-05
298.406435358784	1.05784822546216E-05
298.459081180219	9.46010667016755E-06
298.511721565041	7.99658413896314E-06
298.564356512767	6.24780974146116E-06
298.616986022911	4.11403154113821E-06
298.669610094991	1.83756037308686E-06
298.722228728521	-1.68084252764834E-07
298.774841923019	-1.99399658755717E-06
298.827449678	-3.66914754982108E-06
298.880051992979	-4.83563128472599E-06
298.932648867474	-5.42488077300688E-06
298.985240300999	-5.11819159616263E-06
299.037826293071	-4.57616253967375E-06
299.090406843206	-3.55822412832189E-06
299.14298195092	-2.17335105917971E-06
299.195551615729	-5.49763581122207E-07
299.248115837148	1.30988731580338E-06
299.300674614695	3.59496870098281E-06
299.353227947883	5.8509571948329E-06
299.405775836231	8.11683294362169E-06
299.458318279253	1.0336638598207E-05
299.510855276466	1.22936115606548E-05
299.563386827386	1.4148350264034E-05
299.615912931528	1.53861298937033E-05
299.668433588409	1.61977095231168E-05
299.720948797544	1.6421443877532E-05
299.77345855845	1.61710223045021E-05
299.825962870642	1.53180183602322E-05
299.878461733636	1.40081242429675E-05
299.93095514695	1.23784702037703E-05
299.983443110097	1.06907772984852E-05
300.035925622595	9.10391399232555E-06
300.088402683959	7.54724414612137E-06
300.140874293706	6.11109438615109E-06
300.193340451351	4.98973213034179E-06
300.24580115641	4.1346263615349E-06
300.298256408399	3.35825755102547E-06
300.350706206835	2.3815249806756E-06
300.403150551232	1.45408258209543E-06
300.455589441108	6.54263148124059E-07
300.508022875978	-2.62292263557025E-07
300.560450855359	-1.26786917081771E-06
300.612873378765	-1.97992083034042E-06
300.665290445713	-2.29020254865895E-06
300.71770205572	-2.17655981542489E-06
300.7701082083	-1.53199342189494E-06
300.82250890297	-7.71033945618984E-07
300.874904139247	4.33814562322233E-07
300.927293916645	1.96653144851191E-06
300.979678234681	3.76288329674775E-06
301.032057092871	5.68069623842702E-06
301.084430490731	7.5057901550254E-06
301.136798427777	9.30772137823698E-06
301.189160903524	1.10335793661969E-05
301.241517917489	1.25675448017407E-05
301.293869469188	1.39489836987609E-05
301.346215558137	1.47131194612745E-05
301.398556183852	1.48394470030988E-05
301.450891345848	1.48477438486106E-05
301.503221043641	1.46467997361419E-05
301.555545276749	1.3987352081308E-05
301.607864044686	1.30598162642164E-05
301.660177346968	1.1961395149588E-05
301.712485183112	1.05162912281073E-05
301.764787552634	8.87584507098289E-06
301.817084455049	7.04527217892205E-06
301.869375889873	5.17350056244552E-06
301.921661856623	3.40214640399416E-06
301.973942354814	1.69030946268197E-06
302.026217383963	-5.42942132670796E-08
302.078486943585	-1.53994754981167E-06
302.130751033196	-2.56977453545257E-06
302.183009652313	-3.17857633906727E-06
302.235262800451	-3.55705758008819E-06
302.287510477126	-3.625444628348E-06
302.339752681855	-3.69658574877697E-06
302.391989414152	-3.59019794484425E-06
302.444220673535	-2.92733818981745E-06
302.496446459519	-2.181313180492E-06
302.54866677162	-1.38162243299764E-06
302.600881609354	-3.91755724324796E-07
302.653090972237	9.01394435178836E-07
302.705294859785	2.46226196030665E-06
302.757493271515	4.06606574325552E-06
302.809686206941	5.60327147900319E-06
302.86187366558	7.10514156466463E-06
302.914055646948	8.5613086574724E-06
302.966232150561	9.92263169633856E-06
303.018403175935	1.09174803388574E-05
303.070568722585	1.15452519928826E-05
303.122728790029	1.19799301681638E-05
303.174883377781	1.22626727597552E-05
303.227032485358	1.2233496624776E-05
303.279176112276	1.20535807775759E-05
303.331314258051	1.17375804785734E-05
303.383446922198	1.13029657577199E-05
303.435574104234	1.08116198311062E-05
303.487695803675	1.03760600823594E-05
303.539812020036	9.48480827164756E-06
303.591922752833	8.65251286115512E-06
303.644028001584	7.85647129447095E-06
303.696127765803	6.88059630264643E-06
303.748222045006	5.66231452150302E-06
303.80031083871	4.27100792770654E-06
303.85239414643	2.54101156798075E-06
303.904471967683	6.71415854001125E-07
303.956544301984	-1.33720821893215E-06
304.00861114885	-3.22870224642788E-06
304.060672507795	-4.94199108419246E-06
304.112728378338	-6.36438385400013E-06
304.164778759992	-7.48804975538921E-06
304.216823652275	-8.00347439977786E-06
304.268863054702	-8.19179267112299E-06
304.320896966789	-8.04400544721002E-06
304.372925388053	-7.78771201444714E-06
304.424948318008	-7.46520081390359E-06
304.476965756172	-6.94901259810202E-06
304.52897770206	-6.39387648506913E-06
304.580984155188	-5.68604271166913E-06
304.632985115072	-4.69960700308065E-06
304.684980581228	-3.3369640004562E-06
304.736970553172	-1.96297897310772E-06
304.78895503042	-2.42522249714703E-07
304.840934012488	1.5184958954096E-06
304.892907498892	3.18672306287338E-06
304.944875489148	4.81404168294599E-06
304.996837982771	6.45344541787252E-06
305.048794979279	8.0556670587094E-06
305.100746478186	9.35012465012449E-06
305.152692479009	1.040027158478E-05
305.204632981264	1.15958724360964E-05
305.256567984467	1.26818253570626E-05
305.308497488134	1.3541967200738E-05
305.36042149178	1.41493263603049E-05
305.412339994921	1.44218329515408E-05
305.464252997075	1.44345278573552E-05
305.516160497756	1.40150138132701E-05
305.568062496481	1.30395728443262E-05
305.619958992765	1.1991606861931E-05
305.671849986124	1.0672986746088E-05
305.723735476076	9.2471190482128E-06
305.775615462134	7.89904858470337E-06
305.827489943817	6.56675458212186E-06
305.879358920638	5.3218943186003E-06
305.931222392115	4.15315332510737E-06
305.983080357764	3.05644592990008E-06
306.034932817099	1.91261342379526E-06
306.086779769638	5.90677016709314E-07
306.138621214897	-9.66374898528052E-07
306.19045715239	-2.54354036715616E-06
306.242287581635	-4.14040639994894E-06
306.294112502147	-5.81072306166179E-06
306.345931913443	-7.17105008300693E-06
306.397745815037	-8.1381502980203E-06
306.449554206447	-8.52401789692482E-06
306.501357087188	-8.46344832769355E-06
306.553154456775	-8.00259880816568E-06
306.604946314726	-7.37283335651062E-06
306.656732660556	-6.52909413232892E-06
306.708513493781	-5.62619972080187E-06
306.760288813917	-4.84678375548514E-06
306.81205862048	-4.06114008678984E-06
306.863822912986	-3.28083080525469E-06
306.91558169095	-2.49689007442028E-06
306.96733495389	-1.51397079558908E-06
307.01908270132	-3.16935397523836E-07
307.070824932758	1.10716973493449E-06
307.122561647718	2.68117416190788E-06
307.174292845717	4.27517195990692E-06
307.22601852627	5.86878863014293E-06
307.277738688894	7.40002112796432E-06
307.329453333106	8.7110217960382E-06
307.381162458419	9.90637247525644E-06
307.432866064352	1.0756240707949E-05
307.484564150418	1.14478859394957E-05
307.536256716136	1.19014799500146E-05
307.58794376102	1.22281467885764E-05
307.639625284587	1.22681822558727E-05
307.691301286352	1.18695479237148E-05
307.742971765831	1.11894476371596E-05
307.794636722541	1.02615315246922E-05
307.846296155998	9.08433207890281E-06
307.897950065717	7.76494296192238E-06
307.949598451214	6.21669201093584E-06
308.001241312006	4.80002683064679E-06
308.052878647608	3.41432690505463E-06
308.104510457536	2.23090367600129E-06
308.156136741307	1.23875736769799E-06
308.207757498435	5.09629732671636E-07
308.259372728438	2.03277673571987E-07
308.310982430832	2.23379724193186E-07
308.362586605131	3.8036139887094E-07
308.414185250852	5.54438432008233E-07
308.465778367512	7.49094392831065E-07
308.517365954626	7.66115699400648E-07
308.56894801171	5.14100232573999E-07
308.620524538279	-2.73741578679625E-07
308.672095533851	-1.25776707955357E-06
308.723660997941	-2.39674467055079E-06
308.775220930065	-3.52862949862492E-06
308.826775329739	-4.72469290995748E-06
308.878324196478	-5.81200107467901E-06
308.9298675298	-6.48359205127122E-06
308.981405329219	-6.97214359768444E-06
309.032937594252	-7.25041773931993E-06
309.084464324415	-7.37988840269543E-06
309.135985519224	-7.09789243815256E-06
309.187501178195	-6.55840841553019E-06
309.239011300843	-5.74773906546518E-06
309.290515886685	-4.68027644574988E-06
309.342014935236	-3.21620155374296E-06
309.393508446014	-1.4134044261528E-06
309.444996418532	6.34024588120931E-07
309.496478852309	2.73069360368462E-06
309.547955746859	4.80242421275335E-06
309.599427101698	6.69601350294574E-06
309.650892916343	8.26427200244971E-06
309.70235319031	9.48819587146367E-06
309.753807923114	1.0309859379147E-05
309.805257114271	1.07221391657657E-05
309.856700763298	1.05776366035805E-05
309.90813886971	1.01570315783909E-05
309.959571433024	9.58462239992286E-06
310.010998452755	8.7547999602914E-06
310.062419928419	7.6618604402709E-06
310.113835859533	6.5342666620844E-06
310.165246245611	5.29335633288291E-06
310.216651086171	4.04174179908268E-06
310.268050380728	3.04894160921753E-06
310.319444128799	2.17842965154495E-06
310.370832329898	1.61862023127749E-06
310.422214983543	1.40123966644328E-06
310.473592089248	1.48708771681164E-06
310.524963646531	1.77841291495679E-06
310.576329654907	2.13980212361458E-06
310.627690113892	2.4452733019906E-06
310.679045023001	2.64715424706328E-06
310.730394381752	2.69161475467264E-06
310.78173818966	2.58971794874849E-06
310.83307644624	2.36916604684618E-06
310.88440915101	2.11594031789875E-06
310.935736303484	1.71232977875894E-06
310.987057903179	1.36321318108601E-06
311.038373949611	1.03129696516929E-06
311.089684442296	4.68116763475821E-07
311.140989380749	-2.02043981861177E-07
311.192288764487	-1.03227561731893E-06
311.243582593026	-2.15650411217405E-06
311.294870865882	-3.30093412602879E-06
311.34615358257	-4.39505266831569E-06
311.397430742607	-5.4534307753364E-06
311.448702345508	-6.18120425454778E-06
311.49996839079	-6.61449077662986E-06
311.551228877969	-6.69676398633533E-06
311.60248380656	-6.26710374270351E-06
311.653733176079	-5.53444042074477E-06
311.704976986043	-4.59529565424237E-06
311.756215235967	-3.40091462298256E-06
311.807447925368	-2.19723786850719E-06
311.858675053761	-1.0309125484761E-06
311.909896620663	1.23484478345674E-07
311.961112625589	1.11209954601918E-06
312.012323068055	1.92392229325865E-06
312.063527947577	2.61702700527869E-06
312.114727263672	3.14866016293186E-06
312.165921015855	3.51888738834338E-06
312.217109203642	3.81207151934967E-06
312.268291826549	4.14696247476577E-06
312.319468884093	4.42376658568475E-06
312.370640375788	4.78578725676381E-06
312.421806301152	5.22729836843871E-06
312.4729666597	5.63339981231328E-06
312.524121450947	6.13036962348404E-06
312.575270674411	6.5087530391688E-06
312.626414329607	6.83412171852537E-06
312.677552416051	7.04142059124533E-06
312.728684933258	7.02225988617714E-06
312.779811880746	6.96403467858192E-06
312.830933258029	6.74944741495269E-06
312.882049064624	6.43154311867255E-06
312.933159300047	6.18051286081143E-06
312.984263963814	5.89694588711279E-06
313.035363055441	5.5842387705881E-06
313.086456574443	5.2191556720424E-06
313.137544520338	4.65758394151023E-06
313.188626892639	3.96815142380657E-06
313.239703690865	2.98270824300093E-06
313.29077491453	1.68849346750925E-06
313.341840563151	1.45557116868788E-07
313.392900636243	-1.56256917139653E-06
313.443955133323	-3.30819970708324E-06
313.495004053907	-4.9720370194336E-06
313.54604739751	-6.43929890125324E-06
313.597085163648	-7.56426833037488E-06
313.648117351838	-8.25702750393692E-06
313.699143961595	-8.62064983894885E-06
313.750164992436	-8.57811905757815E-06
313.801180443876	-8.2928323525413E-06
313.852190315432	-7.70161557948036E-06
313.903194606619	-6.89580153068546E-06
313.954193316953	-5.99332212909096E-06
314.00518644595	-4.91154266660665E-06
314.056173993127	-3.82854443465468E-06
314.107155957999	-2.61592706912068E-06
314.158132340082	-1.43090017890087E-06
314.209103138892	-2.66549833757888E-07
314.260068353946	9.05311890219738E-07
314.311027984758	2.02958482272634E-06
314.361982030846	3.18728412938818E-06
314.412930491724	4.25764190312886E-06
314.46387336691	5.34755619288359E-06
314.514810655919	6.29796864937214E-06
314.565742358267	7.10581513884892E-06
314.616668473469	7.74869026890146E-06
314.667589001043	8.12818602180962E-06
314.718503940503	8.24671828389104E-06
314.769413291367	8.1376337464019E-06
314.820317053149	7.86760369809837E-06
314.871215225366	7.51335803225086E-06
314.922107807534	7.08935690964366E-06
314.972994799169	6.72192520108579E-06
315.023876199786	6.382129393956E-06
315.074752008902	6.09446740302419E-06
315.125622226033	5.71199292813587E-06
315.176486850695	5.14522286960348E-06
315.227345882403	4.35172038394295E-06
315.278199320674	3.20562451126354E-06
315.329047165023	1.77586114225769E-06
315.379889414967	-6.84134817805345E-09
315.430726070022	-1.9262930460804E-06
315.481557129703	-3.91478737350426E-06
315.532382593526	-5.65822673047121E-06
315.583202461008	-7.12984370104388E-06
315.634016731664	-8.12295824278835E-06
315.684825405011	-8.61978766362411E-06
315.735628480564	-8.57301446091204E-06
315.78642595784	-8.01997282646651E-06
315.837217836354	-7.04664211642146E-06
315.888004115622	-5.77179104473981E-06
315.93878479516	-4.35190692615578E-06
315.989559874485	-2.90797887946703E-06
316.040329353112	-1.56779529600486E-06
316.091093230557	-3.96378412935358E-07
316.141851506336	5.66965958883151E-07
316.192604179966	1.32834201676298E-06
316.243351250961	1.92053457034032E-06
316.294092718839	2.41314088627011E-06
316.344828583115	2.82742538900537E-06
316.395558843304	3.25306887902758E-06
316.446283498924	3.77765920859906E-06
316.49700254949	4.35039246794825E-06
316.547715994518	5.02920006916476E-06
316.598423833523	5.6739744108585E-06
316.649126066023	6.3102688857083E-06
316.699822691532	6.76323118209997E-06
316.750513709567	7.0658764228526E-06
316.801199119645	7.01872123366915E-06
316.85187892128	6.66370376472537E-06
316.902553113988	5.9491764231737E-06
316.953221697287	4.96642378498963E-06
317.003884670691	3.80727838151575E-06
317.054542033717	2.66810412983688E-06
317.10519378588	1.65387839415168E-06
317.155839926698	8.26668201484339E-07
317.206480455684	2.1887780968164E-07
317.257115372357	-1.31027656315886E-07
317.307744676231	-3.58679421984776E-07
317.358368366822	-6.16662796559476E-07
317.408986443647	-1.05835295544416E-06
317.459598906222	-1.74040895445376E-06
317.510205754062	-2.69772463955538E-06
317.560806986683	-3.82409746572137E-06
317.611402603602	-5.03491342125899E-06
317.661992604334	-6.08220595714259E-06
317.712576988396	-6.88383680963779E-06
317.763155755303	-7.25820195521699E-06
317.813728904571	-7.26979635139333E-06
317.864296435716	-6.9051256555497E-06
317.914858348255	-6.23619462482918E-06
317.965414641703	-5.4235127734226E-06
318.015965315576	-4.59747001637933E-06
318.066510369391	-3.86562807314801E-06
318.117049802662	-3.10762841457951E-06
318.167583614907	-2.40121066484755E-06
318.21811180564	-1.63573899636549E-06
318.268634374379	-8.18826605914945E-07
318.319151320639	1.05371510627598E-07
318.369662643936	1.07334123606582E-06
318.420168343786	2.11251553091355E-06
318.470668419704	3.10987031774363E-06
318.521162871208	4.02420228936448E-06
318.571651697813	4.84883953706331E-06
318.622134899034	5.55304307708342E-06
318.672612474389	6.12059333696959E-06
318.723084423392	6.623880532359E-06
318.77355074556	7.08908008571059E-06
318.824011440408	7.54217809723802E-06
318.874466507454	7.99526943180741E-06
318.924915946212	8.42709821230927E-06
318.975359756199	8.84184171743382E-06
319.025797936931	9.12499890913924E-06
319.076230487923	9.24002344774707E-06
319.126657408692	9.05162436120002E-06
319.177078698753	8.53982832311128E-06
319.227494357623	7.63876709673566E-06
319.277904384818	6.31584475535637E-06
319.328308779853	4.70171802209145E-06
319.378707542245	2.83264604323892E-06
319.429100671509	9.97270429897846E-07
319.479488167161	-7.03556728015095E-07
319.529870028718	-2.15108454858309E-06
319.580246255696	-3.1633249721646E-06
319.630616847609	-3.76832259576339E-06
319.680981803975	-4.02604389980534E-06
319.731341124309	-4.11900696372645E-06
319.781694808128	-4.18957904209636E-06
319.832042854947	-4.40501060830515E-06
319.882385264282	-4.86268083470909E-06
319.932722035649	-5.51946007924922E-06
319.983053168564	-6.30349133264485E-06
320.033378662544	-7.00074076271645E-06
320.083698517104	-7.47246315358426E-06
320.134012731759	-7.586543794839E-06
320.184321306027	-7.31640612630015E-06
320.234624239423	-6.61911300261832E-06
320.284921531463	-5.51189962702845E-06
320.335213181663	-4.1429972962968E-06
320.385499189539	-2.72155680065035E-06
320.435779554607	-1.50672307243434E-06
320.486054276382	-5.1277662362633E-07
320.536323354382	2.26251710640108E-07
320.586586788121	6.77937692000456E-07
320.636844577117	9.64063416016945E-07
320.687096720884	1.13489314495402E-06
320.737343218939	1.31684421860183E-06
320.787584070797	1.63541770933429E-06
320.837819275975	2.08509972642907E-06
320.88804883399	2.69421809253507E-06
320.938272744355	3.41310240384876E-06
320.988491006589	4.21668042217689E-06
321.038703620206	5.01701177828262E-06
321.088910584722	5.68655164594589E-06
321.139111899654	6.18791290336775E-06
321.189307564518	6.5472166985789E-06
321.239497578829	6.72283945849354E-06
321.289681942104	6.78259565131332E-06
321.339860653858	6.74860037134986E-06
321.390033713608	6.66408980557228E-06
321.440201120869	6.58174422835462E-06
321.490362875157	6.51482905548358E-06
321.540518975989	6.48363098228504E-06
321.59066942288	6.46875449799429E-06
321.640814215346	6.39543215046237E-06
321.690953352904	6.19665033133417E-06
321.741086835069	5.73159887228834E-06
321.791214661357	4.94000079773068E-06
321.841336831284	3.77305561359912E-06
321.891453344367	2.18924652707679E-06
321.94156420012	3.23842723047746E-07
321.991669398061	-1.63142813720363E-06
322.041768937705	-3.5253192120066E-06
322.091862818568	-5.14472460476999E-06
322.141951040166	-6.34524614509125E-06
322.192033602015	-7.07572280323209E-06
322.242110503631	-7.27196921398328E-06
322.29218174453	-7.04587765109506E-06
322.342247324228	-6.57662599415984E-06
322.392307242241	-6.05502174116237E-06
322.442361498084	-5.7029275518667E-06
322.492410091275	-5.62664990655883E-06
322.542453021328	-5.86202792269442E-06
322.592490287761	-6.37757888175837E-06
322.642521890088	-7.02317084491206E-06
322.692547827825	-7.61653279182425E-06
322.74256810049	-8.05882114237406E-06
322.792582707597	-8.23488400160995E-06
322.842591648663	-8.08683267433581E-06
322.892594923203	-7.57527271037129E-06
322.942592530734	-6.72818997459458E-06
322.992584470772	-5.65322735292828E-06
323.042570742832	-4.46159456121557E-06
323.092551346431	-3.23631303149605E-06
323.142526281084	-2.02531279872204E-06
323.192495546308	-8.86210447246938E-07
323.242459141619	1.93299500153494E-07
323.292417066531	1.20582007509576E-06
323.342369320562	2.12495753240464E-06
323.392315903228	2.97678507604104E-06
323.442256814044	3.77113441631727E-06
323.492192052526	4.49106575969729E-06
323.54212161819	5.14066903884101E-06
323.592045510553	5.75697376282169E-06
323.64196372913	6.31007854272455E-06
323.691876273438	6.79102298667998E-06
323.741783142991	7.20547413243136E-06
323.791684337307	7.53751800009451E-06
323.841579855901	7.74684529236919E-06
323.891469698288	7.81963097399847E-06
323.941353863986	7.76693303256347E-06
323.991232352511	7.54099954154697E-06
324.041105163377	7.16122290298915E-06
324.090972296101	6.68942003200686E-06
324.140833750199	6.13860011102298E-06
324.190689525187	5.57774674926192E-06
324.240539620581	5.0416892621277E-06
324.290384035897	4.59470765977058E-06
324.340222770651	4.2267903394757E-06
324.390055824359	3.94633766517652E-06
324.439883196536	3.71911954952867E-06
324.4897048867	3.4568433570055E-06
324.539520894365	3.06185556896351E-06
324.589331219047	2.45026578441006E-06
324.639135860264	1.52841248606089E-06
324.68893481753	2.90782111633973E-07
324.738728090362	-1.21079197616413E-06
324.788515678276	-2.82538353127589E-06
324.838297580787	-4.41502461112928E-06
324.888073797412	-5.8039725769236E-06
324.937844327667	-6.87140405679025E-06
324.987609171067	-7.52394076005857E-06
325.037368327128	-7.73829520642883E-06
325.087121795367	-7.50239121887289E-06
325.136869575299	-6.90934141099239E-06
325.186611666441	-6.1324111787635E-06
325.236348068309	-5.33028926863153E-06
325.286078780417	-4.61586541095155E-06
325.335803802283	-4.05639736075739E-06
325.385523133423	-3.70884909433772E-06
325.435236773351	-3.56198489985995E-06
325.484944721585	-3.55826387067283E-06
325.534646977641	-3.60480007148071E-06
325.584343541033	-3.63801328181503E-06
325.634034411279	-3.58770726334824E-06
325.683719587893	-3.42061793011432E-06
325.733399070393	-3.08817017911772E-06
325.783072858294	-2.59353866673741E-06
325.832740951113	-1.97602319496596E-06
325.882403348364	-1.29866186820088E-06
325.932060049564	-6.12673923318414E-07
325.98171105423	5.15902447443738E-08
326.031356361876	6.68610669353126E-07
326.080995972019	1.23009658719378E-06
326.130629884175	1.73433357315084E-06
326.18025809786	2.16825154710168E-06
326.22988061259	2.56110715409202E-06
326.279497427881	2.91279238349204E-06
326.329108543249	3.23460763798054E-06
326.37871395821	3.5183368491123E-06
326.428313672279	3.79397510408188E-06
326.477907684973	4.05815357605552E-06
326.527495995808	4.31589858645069E-06
326.577078604299	4.55076730883499E-06
326.626655509963	4.76122992280506E-06
326.676226712316	4.94985908823804E-06
326.725792210874	5.10968047607442E-06
326.775352005152	5.20677549485933E-06
326.824906094666	5.21829599731212E-06
326.874454478933	5.12194000292259E-06
326.923997157469	4.89268118543926E-06
326.973534129789	4.5393594287522E-06
327.02306539541	4.05390850099602E-06
327.072590953847	3.47788149034672E-06
327.122110804616	2.86068343710183E-06
327.171624947234	2.26868771704498E-06
327.221133381216	1.74253905272608E-06
327.270636106079	1.33123051258357E-06
327.320133121338	1.06528036272348E-06
327.369624426509	9.51557274105206E-07
327.419110021108	9.7236319506082E-07
327.468589904652	1.0461765748009E-06
327.518064076656	1.10633368352132E-06
327.567532536636	1.06120183798991E-06
327.616995284108	8.33083043702863E-07
327.666452318588	3.64000772333612E-07
327.715903639593	-3.93970198688248E-07
327.765349246637	-1.39368094027006E-06
327.814789139238	-2.56416635223832E-06
327.86422331691	-3.8054072151297E-06
327.913651779171	-4.99010483352507E-06
327.963074525535	-6.01886966540731E-06
328.01249155552	-6.79341289241609E-06
328.06190286864	-7.25375986148894E-06
328.111308464412	-7.38128068315927E-06
328.160708342352	-7.21070648234047E-06
328.210102501976	-6.80568174095338E-06
328.2594909428	-6.23344791050094E-06
328.308873664339	-5.57209981320429E-06
328.358250666111	-4.88050239726784E-06
328.40762194763	-4.18432728061979E-06
328.456987508412	-3.50446197825263E-06
328.506347347975	-2.85707663620232E-06
328.555701465833	-2.23512124874121E-06
328.605049861502	-1.63849658692838E-06
328.6543925345	-1.06243230707427E-06
328.703729484341	-5.06710899608825E-07
328.753060710541	2.33710714714455E-08
328.802386212617	5.22765824322045E-07
328.851705990084	9.85119906252689E-07
328.901020042459	1.4013137981512E-06
328.950328369257	1.76662569888561E-06
328.999630969995	2.0879696633908E-06
329.048927844188	2.35661117739165E-06
329.098218991352	2.59476428855826E-06
329.147504411004	2.80356129998795E-06
329.196784102659	2.98794744797307E-06
329.246058065834	3.15566242960839E-06
329.295326300043	3.3128208221014E-06
329.344588804804	3.44588161002534E-06
329.393845579632	3.55228010677636E-06
329.443096624043	3.62175831232349E-06
329.492341937554	3.66227596209674E-06
329.541581519679	3.67591738599539E-06
329.590815369936	3.66912092091815E-06
329.64004348784	3.65548201890019E-06
329.689265872906	3.63515984176601E-06
329.738482524652	3.62474941417682E-06
329.787693442593	3.62683786823036E-06
329.836898626245	3.63775233588367E-06
329.886098075123	3.64188889169095E-06
329.935291788745	3.61968715502737E-06
329.984479766625	3.53822419421419E-06
330.03366200828	3.35031787986934E-06
330.082838513227	3.03269934622346E-06
330.13200928098	2.57226872064738E-06
330.181174311055	1.97311308566105E-06
330.23033360297	1.26658125023616E-06
330.279487156239	5.13666364966405E-07
330.328634970379	-2.0992477772391E-07
330.377777044906	-8.51731779896395E-07
330.426913379335	-1.36175503310984E-06
330.476043973183	-1.70651986679767E-06
330.525168825965	-1.8686345340676E-06
330.574287937198	-1.85740580296438E-06
330.623401306398	-1.71387059318425E-06
330.67250893308	-1.5029905446372E-06
330.721610816761	-1.29434019890426E-06
330.770706956956	-1.1685099127503E-06
330.819797353181	-1.17245201057187E-06
330.868882004953	-1.34361413265838E-06
330.917960911788	-1.69538792148207E-06
330.9670340732	-2.19459978318158E-06
331.016101488707	-2.7802224570503E-06
331.065163157825	-3.37410435019928E-06
331.114219080068	-3.90096126084234E-06
331.163269254954	-4.29738185848302E-06
331.212313681998	-4.52826934939939E-06
331.261352360716	-4.56328212258951E-06
331.310385290625	-4.39981398494427E-06
331.35941247124	-4.07370771633E-06
331.408433902076	-3.64179816367723E-06
331.457449582651	-3.15700422991114E-06
331.50645951248	-2.65703846155373E-06
331.555463691079	-2.17271675019489E-06
331.604462117964	-1.71322139515337E-06
331.653454792651	-1.28151022761497E-06
331.702441714656	-8.81591017988111E-07
331.751422883495	-5.0946936513416E-07
331.800398298684	-1.5981475598729E-07
331.849367959739	1.7187417810764E-07
331.898331866175	4.89260314700836E-07
331.94729001751	7.95798030572208E-07
331.996242413258	1.08968154370864E-06
332.045189052936	1.36370365518918E-06
332.09412993606	1.61502040821833E-06
332.143065062145	1.84352858557307E-06
332.191994430708	2.04799806120059E-06
332.240918041265	2.22134450451054E-06
332.289835893332	2.36984657086952E-06
332.338747986424	2.49498521701515E-06
332.387654320057	2.60008603798769E-06
332.436554893749	2.68466138638696E-06
332.485449707014	2.75485774781811E-06
332.534338759368	2.80894914702468E-06
332.583222050328	2.84783413351865E-06
332.632099579409	2.86740202108881E-06
332.680971346128	2.86137994884466E-06
332.72983735	2.82592561449912E-06
332.778697590542	2.75712064988675E-06
332.827552067269	2.65290822665119E-06
332.876400779697	2.52133844379816E-06
332.925243727343	2.3565168361904E-06
332.974080909722	2.16866259163027E-06
333.02291232635	1.96636417309204E-06
333.071737976743	1.7588935094156E-06
333.120557860418	1.55689590593058E-06
333.16937197689	1.37198007740685E-06
333.218180325675	1.20793254518753E-06
333.266982906289	1.05724047894843E-06
333.315779718248	9.01405838047198E-07
333.364570761068	7.13558540579372E-07
333.413356034265	4.6780766687227E-07
333.462135537355	1.43967484673216E-07
333.510909269855	-2.7295676047672E-07
333.559677231279	-7.82355280733068E-07
333.608439421144	-1.35723258254265E-06
333.657195838966	-1.95434697906749E-06
333.705946484261	-2.52863025527861E-06
333.754691356545	-3.03965602099842E-06
333.803430455334	-3.44957675811681E-06
333.852163780143	-3.73172278944033E-06
333.90089133049	-3.86139919199582E-06
333.949613105889	-3.84264094938848E-06
333.998329105857	-3.7018913177367E-06
334.047039329909	-3.46769777286293E-06
334.095743777562	-3.16398898322423E-06
334.144442448332	-2.81116081970749E-06
334.193135341734	-2.43021751800632E-06
334.241822457286	-2.04161704518889E-06
334.290503794501	-1.66545874445592E-06
334.339179352897	-1.31538605167091E-06
334.38784913199	-9.9958076336368E-07
334.436513131295	-7.2323282048514E-07
334.485171350329	-4.86931534850326E-07
334.533823788607	-2.86903447189447E-07
334.582470445645	-1.17246157328383E-07
334.63111132096	2.92703750283695E-08
334.679746414068	1.61734157199679E-07
334.728375724483	2.87064069945644E-07
334.776999251723	4.09025761764863E-07
334.825616995303	5.31657770365387E-07
334.87422895474	6.57941693177191E-07
334.922835129549	7.86364229189897E-07
334.971435519245	9.12525605061057E-07
335.020030123347	1.03284645543825E-06
335.068618941368	1.14512109310651E-06
335.117201972825	1.24786365564624E-06
335.165779217235	1.33923704443305E-06
335.214350674112	1.41657199911654E-06
335.262916342974	1.47765926611247E-06
335.311476223335	1.52100470986107E-06
335.360030314713	1.54672841642647E-06
335.408578616622	1.55664737023689E-06
335.45712112858	1.5531291566579E-06
335.505657850101	1.53921411484914E-06
335.554188780703	1.51920384936226E-06
335.6027139199	1.49793248769406E-06
335.651233267209	1.48009714817825E-06
335.699746822146	1.46982231169705E-06
335.748254584226	1.46853029443693E-06
335.796756552967	1.4749027400666E-06
335.845252727883	1.48510625920509E-06
335.893743108491	1.49387202247559E-06
335.942227694306	1.4900319412897E-06
335.990706484845	1.46589794218829E-06
336.039179479624	1.41337313580556E-06
336.087646678158	1.32614567590454E-06
336.136108079964	1.20148902812529E-06
336.184563684558	1.04229336621555E-06
336.233013491455	8.54865657017274E-07
336.281457500171	6.49399926138146E-07
336.329895710223	4.38770581753075E-07
336.378328121127	2.39596921798674E-07
336.426754732398	6.84380382261148E-08
336.475175543552	-6.16074021901098E-08
336.523590554106	-1.44548193425799E-07
336.571999763575	-1.81470996042519E-07
336.620403171475	-1.78838950208902E-07
336.668800777322	-1.4666595703222E-07
336.717192580633	-9.97143702917802E-08
336.765578580923	-5.68607828111752E-08
336.813958777708	-3.78813368964888E-08
336.862333170505	-6.42599456531663E-08
336.910701758828	-1.51278802714274E-07
336.959064542195	-3.08895926250778E-07
337.007421520121	-5.34944367777624E-07
337.055772692122	-8.25838320561081E-07
337.104118057714	-1.1608664573057E-06
337.152457616413	-1.50742074995794E-06
337.200791367735	-1.83200102489254E-06
337.249119311196	-2.10591128256058E-06
337.297441446311	-2.3101638435606E-06
337.345757772598	-2.43184108756854E-06
337.394068289572	-2.46274517932376E-06
337.442372996748	-2.40228986228411E-06
337.490671893644	-2.26969912935689E-06
337.538964979774	-2.08683836074718E-06
337.587252254655	-1.87392593451723E-06
337.635533717803	-1.64553281775586E-06
337.683809368733	-1.41222622139757E-06
337.732079206962	-1.18118773245077E-06
337.780343232006	-9.55966158312406E-07
337.828601443381	-7.3847481707636E-07
337.876853840602	-5.31333880719645E-07
337.925100423185	-3.32979805543924E-07
337.973341190648	-1.44658562600016E-07
338.021576142505	3.05247678027109E-08
338.069805278272	1.9454435191135E-07
338.118028597466	3.47120968563248E-07
338.166246099602	4.8666689693125E-07
338.214457784197	6.13383031874524E-07
338.262663650766	7.27755552128596E-07
338.310863698826	8.28063018147118E-07
338.359057927892	9.1307022602297E-07
338.40724633748	9.8203382434494E-07
338.455428927107	1.03509076496518E-06
338.503605696288	1.06955933555065E-06
338.551776644539	1.08685673906172E-06
338.599941771376	1.0894208352048E-06
338.648101076316	1.07798448574089E-06
338.696254558874	1.056853494913E-06
338.744402218565	1.02951296606056E-06
338.792544054908	9.99074330013973E-07
338.840680067416	9.68710745154861E-07
338.888810255606	9.41778490697965E-07
338.936934618994	9.17928385224473E-07
338.985053157097	8.99682663330652E-07
339.033165869429	8.84923330532836E-07
339.081272755507	8.68519946496691E-07
339.129373814847	8.44052888640076E-07
339.177469046966	8.09318533984944E-07
339.225558451378	7.58119575736312E-07
339.2736420276	6.88206792106125E-07
339.321719775147	6.01948164220346E-07
339.369791693537	5.03591900165614E-07
339.417857782284	4.01629412343388E-07
339.465918040905	3.04096930917579E-07
339.513972468916	2.17965670627853E-07
339.562021065833	1.49747282908192E-07
339.610063831171	1.00990207093386E-07
339.658100764447	7.4825695726684E-08
339.706131865176	6.11693488249331E-08
339.754157132875	4.85568169429987E-08
339.80217656706	2.30126441919083E-08
339.850190167246	-2.7545384908245E-08
339.89819793295	-1.12774167812728E-07
339.946199863687	-2.37490749733933E-07
339.994195958974	-3.97447428236284E-07
340.042186218326	-5.82851140456207E-07
340.09017064126	-7.74927117193634E-07
340.138149227291	-9.57171229175825E-07
340.186121975935	-1.11423785535236E-06
340.234088886709	-1.23360952459141E-06
340.282049959128	-1.3052663404423E-06
340.330005192708	-1.32342809054717E-06
340.377954586966	-1.2927126339367E-06
340.425898141417	-1.22258861819168E-06
340.473835855577	-1.12267802325334E-06
340.521767728962	-1.00365361661215E-06
340.569693761088	-8.73662906634985E-07
340.617613951472	-7.39052432236902E-07
340.665528299628	-6.04037741956965E-07
340.713436805074	-4.73827222359565E-07
340.761339467325	-3.50358443015505E-07
340.809236285896	-2.35512049617393E-07
340.857127260305	-1.28205626340109E-07
340.905012390067	-2.98325780754422E-08
340.952891674697	6.02249918452391E-08
341.000765113713	1.40764213925408E-07
341.048632706629	2.12641367887527E-07
341.096494452963	2.76285243153072E-07
341.144350352229	3.31971902154304E-07
341.192200403944	3.81002979193153E-07
341.240044607623	4.23340760766385E-07
341.287882962784	4.58509128576402E-07
341.335715468941	4.88759343237254E-07
341.383542125611	5.13956454991458E-07
341.43136293231	5.34731859708068E-07
341.479177888553	5.51480783518881E-07
341.526986993857	5.63118024643449E-07
341.574790247738	5.70051778949127E-07
341.622587649711	5.72795393826505E-07
341.670379199292	5.70649174296875E-07
341.718164895999	5.62698806219644E-07
341.765944739345	5.48204563359896E-07
341.813718728848	5.26338927814903E-07
341.861486864024	4.96990743183058E-07
341.909249144388	4.61048349796831E-07
341.957005569456	4.19722664470183E-07
342.004756138745	3.75736875856107E-07
342.05250085177	3.31699859411873E-07
342.100239708048	2.91465803648888E-07
342.147972707094	2.59674564109057E-07
342.195699848423	2.37663826354399E-07
342.243421131554	2.27144414126482E-07
342.291136556	2.27805738748769E-07
342.338846121279	2.39089899495981E-07
342.386549826905	2.57332214400852E-07
342.434247672396	2.80175048547731E-07
342.481939657267	3.03182861264269E-07
342.529625781035	3.21849714378042E-07
342.577306043214	3.32311902291552E-07
342.624980443321	3.30430042025805E-07
342.672648980872	3.16023858661984E-07
342.720311655383	2.8837701620818E-07
342.76796846637	2.48760816313584E-07
342.815619413349	2.01088371053485E-07
342.863264495836	1.4929866938455E-07
342.910903713347	9.66160007510003E-08
342.958537065397	4.89850794586567E-08
343.006164551504	7.60599580423421E-09
343.053786171182	-2.53721865627535E-08
343.101401923948	-4.76107563605819E-08
343.149011809318	-5.82050270489418E-08
343.196615826807	-5.60619979500052E-08
343.244213975932	-4.39211459077599E-08
343.291806256209	-2.36715989613909E-08
343.339392667153	2.65884491847523E-09
343.386973208281	3.19990733231391E-08
343.434547879109	6.35948953260405E-08
343.482116679152	9.2774540853768E-08
343.529679607926	1.1467782709808E-07
343.577236664949	1.24406471379892E-07
343.624787849734	1.13985505865843E-07
343.672333161799	7.99731635577112E-08
343.71987260066	1.84295013106315E-08
343.767406165832	-7.1111194130259E-08
343.814933856831	-1.85057172500499E-07
343.862455673173	-3.16982658289684E-07
343.909971614375	-4.5342062325827E-07
343.957481679952	-5.83340474870308E-07
344.004985869421	-6.95119959048997E-07
344.052484182297	-7.81035581572912E-07
344.099976618095	-8.35076189375441E-07
344.147463176333	-8.52438644510471E-07
344.194943856527	-8.3362599064784E-07
344.242418658191	-7.85355613957533E-07
344.289887580842	-7.15841131456992E-07
344.337350623997	-6.33545099343514E-07
344.384807787171	-5.42890185844477E-07
344.432259069879	-4.49904308762569E-07
344.479704471639	-3.58002519652278E-07
344.527143991965	-2.70106165386544E-07
344.574577630375	-1.86426287021204E-07
344.622005386383	-1.10305337619077E-07
344.669427259507	-4.24127976185495E-08
344.716843249261	1.72167714157573E-08
344.764253355162	6.82435675776089E-08
344.811657576726	1.11714014238704E-07
344.859055913469	1.49116967424871E-07
344.906448364906	1.81391895039736E-07
344.953834930554	2.09020752399612E-07
345.001215609929	2.33386723801552E-07
345.048590402547	2.55146615925801E-07
345.095959307923	2.73977219793935E-07
345.143322325574	2.8952803915228E-07
345.190679455015	3.01036712210244E-07
345.238030695763	3.07163724132236E-07
345.285376047334	3.07317476207142E-07
345.332715509243	3.00501964125396E-07
345.380049081006	2.85124462692855E-07
345.42737676214	2.60277012487938E-07
345.474698552161	2.2646207387484E-07
345.522014450584	1.83137293658104E-07
345.569324456925	1.34084014228534E-07
345.616628570701	8.20262637478024E-08
345.663926791427	3.12944025792568E-08
345.711219118619	-1.51427178610368E-08
345.758505551794	-5.25008382782846E-08
345.805786090467	-7.91724492887678E-08
345.853060734154	-9.31775134938552E-08
345.900329482371	-9.51758613915839E-08
345.947592334635	-8.5369668758844E-08
345.994849290461	-6.66346123830713E-08
346.042100349365	-4.33968939097069E-08
346.089345510863	-1.92385227378717E-08
346.136584774471	4.19268441307719E-09
346.183818139705	2.51593567256738E-08
346.231045606081	4.16866761303302E-08
346.278267173115	5.3255948010079E-08
346.325482840323	6.15049439116079E-08
346.372692607221	6.66763988441851E-08
346.419896473325	7.03727820124617E-08
346.467094438151	7.36728133561167E-08
346.514286501214	7.80200056322891E-08
346.561472662032	8.4154847546684E-08
346.608652920119	9.2076402038254E-08
346.655827274992	1.01453934325246E-07
346.702995726167	1.12080182848687E-07
346.75015827316	1.2221699371759E-07
346.797314915486	1.29652411950467E-07
346.844465652663	1.32718576203739E-07
346.891610484204	1.29184304458329E-07
346.938749409628	1.17352778381307E-07
346.985882428448	9.55770512578157E-08
347.033009540183	6.4853325494115E-08
347.080130744347	2.60486675500891E-08
347.127246040457	-1.7446008678893E-08
347.174355428028	-6.13059690708825E-08
347.221458906576	-1.02399077575345E-07
347.268556475618	-1.3732461400563E-07
347.31564813467	-1.6436858392964E-07
347.362733883247	-1.81278599464482E-07
347.409813720865	-1.87195717795263E-07
347.456887647041	-1.83303175007719E-07
347.503955661289	-1.70977640451854E-07
347.551017763128	-1.52844025015355E-07
347.598073952071	-1.313997594908E-07
347.645124227636	-1.08243717518978E-07
347.692168589337	-8.36252593277575E-08
347.739207036693	-5.86871631859355E-08
347.786239569217	-3.43546825782134E-08
347.833266186426	-1.07855380764181E-08
347.880286887837	1.10503710015822E-08
347.927301672964	3.11504461813973E-08
347.974310541325	5.01296138691379E-08
348.021313492434	6.73396973269535E-08
348.068310525809	8.29783436396713E-08
348.115301640965	9.67470874353794E-08
348.162286837417	1.09671863127833E-07
348.209266114683	1.21121817456822E-07
348.256239472277	1.30639541755346E-07
348.303206909716	1.38411742702892E-07
348.350168426516	1.43428408633601E-07
348.397124022193	1.45952073545206E-07
348.444073696263	1.45646064149812E-07
348.491017448241	1.41989157232212E-07
348.537955277644	1.35088935572649E-07
348.584887183988	1.25946826141774E-07
348.631813166789	1.15979435990737E-07
348.678733225562	1.06681054073434E-07
348.725647359824	9.81985418060379E-08
348.772555569091	9.20026583672105E-08
348.819457852878	8.87801597241335E-08
348.866354210701	8.84402920647021E-08
348.913244642077	9.14832629992956E-08
348.960129146522	9.66605704279722E-08
349.007007723551	1.02252269641722E-07
349.053880372681	1.07742046364728E-07
349.100747093427	1.11250892305128E-07
349.147607885305	1.10392425103016E-07
349.194462747832	1.03892125501444E-07
349.241311680523	9.03659100019566E-08
349.288154682894	6.90139259684426E-08
349.334991754462	4.13247774121478E-08
349.381822894742	8.70615664656959E-09
349.42864810325	-2.66775392005116E-08
349.475467379503	-6.07485940018522E-08
349.522280723015	-9.11473452730657E-08
349.569088133304	-1.15557180839625E-07
349.615889609885	-1.31585253690767E-07
349.662685152274	-1.39063079506512E-07
349.709474759987	-1.38106671199089E-07
349.75625843254	-1.2917075266549E-07
349.803036169449	-1.14807328461885E-07
349.84980797023	-9.72480527873651E-08
349.8965738344	-7.85263104286962E-08
349.943333761473	-6.04838861745805E-08
349.990087750966	-4.43522923786629E-08
350.036835802395	-3.0474444432655E-08
350.083577915275	-1.9711821480628E-08
350.130314089124	-1.12784963116484E-08
350.177044323456	-4.87682428963587E-09
350.223768617789	2.20854445818245E-10
350.270486971637	5.17317831677252E-09
350.317199384516	1.08880386335942E-08
350.363905855944	1.77076725047347E-08
350.410606385435	2.60936158162476E-08
350.457300972506	3.64595738059762E-08
350.503989616672	4.84504398188309E-08
350.55067231745	6.16687053503682E-08
350.597349074356	7.5778544565817E-08
350.644019886905	8.94989011708176E-08
350.690684754614	1.03464682797897E-07
350.737343676998	1.16745286839843E-07
350.783996653574	1.29418848811917E-07
350.830643683857	1.40835505776673E-07
350.877284767363	1.4958636787322E-07
350.923919903609	1.55856115191808E-07
350.970549092111	1.58156163204668E-07
351.017172332383	1.54188655502405E-07
351.063789623943	1.43569424256972E-07
351.110400966306	1.24772370201066E-07
351.157006358989	9.70294206759005E-08
351.203605801507	6.11478455826181E-08
351.250199293376	1.77782855744278E-08
351.296786834112	-2.92266524145559E-08
351.343368423231	-7.68945253724883E-08
351.38994406025	-1.21724059246452E-07
351.436513744683	-1.60227966408234E-07
351.483077476048	-1.91277336944271E-07
351.52963525386	-2.12203991578561E-07
351.576187077634	-2.2267436065103E-07
351.622732946888	-2.2314624584278E-07
351.669272861137	-2.14790006422262E-07
351.715806819897	-2.00338485662394E-07
351.762334822683	-1.81766393802465E-07
351.808856869013	-1.60091733694621E-07
351.855372958401	-1.36924535535927E-07
351.901883090364	-1.12915057906009E-07
351.948387264418	-8.94762568543839E-08
351.994885480079	-6.67479799282116E-08
352.041377736863	-4.49903353589711E-08
352.087864034285	-2.53247470647756E-08
352.134344371862	-8.03071490312311E-09
352.18081874911	6.30216143950085E-09
352.227287165544	1.71138559635872E-08
352.273749620681	2.40290355834778E-08
352.320206114037	2.66073681766862E-08
352.366656645127	2.43228079161634E-08
352.413101213468	1.75889232741611E-08
352.459539818575	7.56942550216975E-09
352.505972459965	-4.79575025287052E-09
352.552399137153	-1.83649803718811E-08
352.598819849656	-3.14059331254554E-08
352.645234596989	-4.20040707711388E-08
352.691643378669	-4.9672416303709E-08
352.73804619421	-5.36053564804959E-08
352.784443043131	-5.40246150198511E-08
352.830833924945	-5.11035052898576E-08
352.87721883917	-4.50880202235716E-08
352.923597785321	-3.72476981756191E-08
352.969970762915	-2.81350431358088E-08
353.016337771466	-1.93942913611053E-08
353.062698810492	-1.10509243478321E-08
353.109053879508	-3.9333660850268E-09
353.15540297803	1.69867653132592E-09
353.201746105574	6.04002090961457E-09
353.248083261657	8.50010125337332E-09
353.294414445793	9.96487287716601E-09
353.340739657499	1.03324495092314E-08
353.387058896292	1.06150803139176E-08
353.433372161686	1.07735553231147E-08
353.479679453198	1.13686233114063E-08
353.525980770344	1.26244400802369E-08
353.57227611264	1.46155126932137E-08
353.618565479602	1.77837178955907E-08
353.664848870746	2.13583248804335E-08
353.711126285588	2.55860027666696E-08
353.757397723643	2.97279842986697E-08
353.803663184429	3.37182933662641E-08
353.849922667459	3.75345349973458E-08
353.896176172252	4.11483492140447E-08
353.942423698322	4.4506176419742E-08
353.988665245186	4.763109770851E-08
354.03490081236	5.05389870505362E-08
354.081130399359	5.31403522610383E-08
354.1273540057	5.51163486316354E-08
354.173571630898	5.64021275987368E-08
354.21978327447	5.69502524464898E-08
354.265988935932	5.6943626191767E-08
354.312188614799	5.62683057637795E-08
354.358382310587	5.50069941122217E-08
354.404570022813	5.32185501494855E-08
354.450751750992	5.1293885600184E-08
354.496927494641	4.94908648473044E-08
354.543097253274	4.73029557660356E-08
354.58926102641	4.50349791754098E-08
354.635418813562	4.24565107384214E-08
354.681570614248	3.99693190550654E-08
354.727716427983	3.66498562554786E-08
354.773856254283	3.2693882843898E-08
354.819990092665	2.78577423912201E-08
354.866117942643	2.26465381658889E-08
354.912239803735	1.67881076518997E-08
354.958355675456	1.0965057024417E-08
355.004465557321	5.47877630650179E-09
355.050569448848	2.56938026377572E-10
355.096667349552	-3.99553002593496E-09
355.142759258949	-7.36041841298118E-09
355.188845176555	-9.51907146530078E-09
355.234925101886	-1.07255765955477E-08
355.280999034458	-1.05648186313391E-08
355.327066973787	-9.35549164739797E-09
355.373128919388	-7.13619788032496E-09
355.419184870779	-4.35707060270037E-09
355.465234827474	-6.91842805506452E-10
355.51127878899	3.33196158996975E-09
355.557316754843	7.59633442150275E-09
355.603348724549	1.16788518173793E-08
355.649374697623	1.5694635467985E-08
355.695394673582	1.94769714014274E-08
355.741408651942	2.24512699242749E-08
355.787416632218	2.45679384926701E-08
355.833418613927	2.59106979179573E-08
355.879414596584	2.68685430292201E-08
355.925404579706	2.76130434702198E-08
355.971388562809	2.85990806943551E-08
356.017366545408	2.97942497342792E-08
356.063338527019	3.14702030590201E-08
356.109304507159	3.35342783470124E-08
356.155264485344	3.61735681527662E-08
356.201218461089	3.91261972938065E-08
356.24716643391	4.22063319824198E-08
356.293108403323	4.47688160957942E-08
356.339044368845	4.64308734006183E-08
356.384974329991	4.64626151195073E-08
356.430898286278	4.43124496159755E-08
356.47681623722	3.94767208901679E-08
356.522728182335	3.19150043518212E-08
356.568634121138	2.13562649726776E-08
356.614534053146	8.39867016847758E-09
356.660427977873	-6.02853813132804E-09
356.706315894837	-2.05807727424269E-08
356.752197803552	-3.45579579817329E-08
356.798073703536	-4.6611079305646E-08
356.843943594303	-5.61171074256372E-08
356.889807475371	-6.22325960144524E-08
356.935665346255	-6.5240647014615E-08
356.98151720647	-6.47888329546073E-08
357.027363055534	-6.1842626489124E-08
357.073202892961	-5.68919370032857E-08
357.119036718268	-5.1069493383716E-08
357.164864530972	-4.48581708514687E-08
357.210686330586	-3.9279711588745E-08
357.256502116629	-3.43728483810335E-08
357.302311888616	-3.06498373604234E-08
357.348115646062	-2.79289033581114E-08
357.393913388484	-2.65415469794059E-08
357.439705115398	-2.59482708689175E-08
357.485490826319	-2.58958550181202E-08
357.531270520764	-2.55294201262609E-08
357.577044198248	-2.49667146742527E-08
357.622811858289	-2.4040426383245E-08
357.6685735004	-2.26727378333057E-08
357.714329124099	-2.05468487669889E-08
357.760078728902	-1.77538758605084E-08
357.805822314324	-1.43603027168121E-08
357.851559879882	-1.07440618091062E-08
357.897291425091	-7.32952778936172E-09
357.943016949468	-4.2813308545664E-09
357.988736452528	-1.39116540606343E-09
358.034449933787	1.12119824472885E-09
358.080157392761	3.14747427625324E-09
358.125858828967	4.81048333342652E-09
358.17155424192	6.31566152935051E-09
358.217243631137	7.44141834270345E-09
358.262926996132	8.71869017622999E-09
358.308604336423	1.00104550813882E-08
358.354275651525	1.15850062205115E-08
358.399940940954	1.36327501690789E-08
358.445600204226	1.6249770508159E-08
358.491253440857	1.91318754562745E-08
358.536900650364	2.19521809429994E-08
358.582541832261	2.49656143750374E-08
358.628176986065	2.77855445899374E-08
358.673806111293	3.04340985555886E-08
358.719429207459	3.24313179937038E-08
358.76504627408	3.39889803854479E-08
358.810657310672	3.45943807611684E-08
358.856262316751	3.49127367583264E-08
358.901861291833	3.48102103301117E-08
358.947454235434	3.4475654181149E-08
358.993041147069	3.33494828409664E-08
359.038622026255	3.15702794474838E-08
359.084196872508	2.9264634731411E-08
359.129765685344	2.61287854603034E-08
359.175328464278	2.24542866222097E-08
359.220885208827	1.77672750487991E-08
359.266435918507	1.23310874084128E-08
359.311980592833	6.0854017195602E-09
359.357519231322	-3.63715391204586E-10
359.403051833489	-6.69730284585988E-09
359.448578398851	-1.2354796706519E-08
359.494098926924	-1.6880477713788E-08
359.539613417223	-2.03942037561192E-08
359.585121869264	-2.24889442932094E-08
359.630624282564	-2.32698687473043E-08
359.676120656638	-2.25828606144919E-08
359.721610991003	-2.08530996868459E-08
359.767095285174	-1.83622049252909E-08
359.812573538667	-1.57150859117191E-08
359.858045750999	-1.32088247879199E-08
359.903511921684	-1.11212270011999E-08
359.94897205024	-9.75785135235588E-09
359.994426136183	-9.24626424148345E-09
360.039874179027	-9.78520036456713E-09
360.08531617829	-1.12002858726435E-08
360.130752133487	-1.3275203469129E-08
360.176182044133	-1.54933851394053E-08
360.221605909746	-1.79283702825357E-08
360.267023729841	-2.01252264657802E-08
360.312435503934	-2.17087514767135E-08
360.357841231542	-2.2606457517235E-08
360.403240912179	-2.2623485452238E-08
360.448634545362	-2.18685212331778E-08
360.494022130607	-2.01321527032811E-08
360.539403667429	-1.78791595350658E-08
360.584779155346	-1.50259841254856E-08
360.630148593873	-1.16992970440792E-08
360.675511982525	-8.57009800134523E-09
360.720869320819	-5.60912218246983E-09
360.766220608271	-2.9991101869196E-09
360.811565844397	-8.54497917234063E-10
360.856905028712	4.60729232437009E-10
360.902238160733	8.87940387489427E-10
360.947565239976	9.31309473550119E-10
360.992886265956	3.16319637100257E-10
361.03820123819	-3.59361318545037E-10
361.083510156194	-8.38462744031223E-10
361.128813019483	-1.27096244720569E-09
361.174109827574	-1.44155287810741E-09
361.219400579982	-1.25356747283391E-09
361.264685276224	-3.98043820205978E-10
361.309963915815	6.00655969226777E-10
361.355236498271	1.62754676270253E-09
361.400503023109	2.91928081282083E-09
361.445763489845	4.20072353796476E-09
361.491017897993	5.491655337606E-09
361.536266247071	6.75271791757298E-09
361.581508536595	7.94102491719113E-09
361.626744766079	9.17128258017722E-09
361.671974935041	1.03004744203182E-08
361.717199042996	1.15103661494725E-08
361.76241708946	1.2615481246675E-08
361.80762907395	1.35437928843058E-08
361.85283499598	1.42573947186684E-08
361.898034855068	1.47336379788097E-08
361.943228650728	1.51277869086365E-08
361.988416382478	1.5202058385367E-08
362.033598049833	1.4879109611394E-08
362.078773652309	1.41208197470536E-08
362.123943189422	1.30614149753331E-08
362.169106660687	1.17411142340942E-08
362.214264065622	1.00353387318343E-08
362.259415403742	8.31738274791839E-09
362.304560674562	6.51123774998035E-09
362.349699877599	4.5942731735572E-09
362.39483301237	2.94046764282688E-09
362.439960078388	1.64619739926268E-09
362.485081075172	8.75957528350611E-10
362.530196002237	6.06356742410182E-10
362.575304859098	6.00973270967025E-10
362.620407645272	1.05051767229968E-09
362.665504360274	1.77546444055692E-09
362.710595003621	2.64562793544673E-09
362.755679574829	3.46264349926376E-09
362.800758073413	3.83124864432528E-09
362.84583049889	3.91476872374291E-09
362.890896850776	3.81461550507853E-09
362.935957128586	3.45568950635077E-09
362.981011331836	3.07054314835786E-09
363.026059460043	2.56241583178934E-09
363.071101512722	2.00766314482595E-09
363.11613748939	1.73790492956602E-09
363.161167389562	1.70218372585475E-09
363.206191212755	2.06602712502241E-09
363.251208958483	2.79193956452759E-09
363.296220626264	3.50132300317321E-09
363.341226215614	4.1767258453434E-09
363.386225726047	4.71823801137438E-09
363.431219157081	5.13612884236412E-09
363.476206508231	5.5866904279875E-09
363.521187779013	6.14984017373826E-09
363.566162968944	6.59622065902175E-09
363.611132077538	6.88152066294141E-09
363.656095104312	7.22671386785809E-09
363.701052048783	7.73363237123669E-09
363.746002910466	8.34724930134419E-09
363.790947688876	8.94285841377694E-09
363.835886383531	9.64692188142114E-09
363.880818993945	1.02789141114465E-08
363.925745519636	1.10698058995025E-08
363.970665960118	1.21873626003435E-08
364.015580314908	1.33706316235299E-08
364.060488583522	1.44322541764047E-08
364.105390765476	1.55289351282358E-08
364.150286860286	1.66186261148173E-08
364.195176867468	1.76037685100514E-08
364.240060786537	1.84629050342464E-08
364.28493861701	1.8967641499638E-08
364.329810358402	1.89296294623965E-08
364.374676010231	1.82663571487806E-08
364.419535572011	1.68270305161767E-08
364.464389043258	1.46359137071266E-08
364.509236423489	1.1619513950118E-08
364.55407771222	7.66638172226087E-09
364.598912908966	3.20058534718129E-09
364.643742013244	-1.51605883517716E-09
364.688565024569	-6.4282132046342E-09
364.733381942458	-1.10920052647334E-08
364.778192766426	-1.50850661989427E-08
364.82299749599	-1.83140315702129E-08
364.867796130664	-2.03346125340589E-08
364.912588669967	-2.13006401454231E-08
364.957375113412	-2.13270787750504E-08
365.002155460517	-2.04038978907011E-08
365.046929710797	-1.8815277624189E-08
365.091697863769	-1.67788525593402E-08
365.136459918947	-1.44440909166203E-08
365.181215875849	-1.22396920015571E-08
365.22596573399	-1.02154454306696E-08
365.270709492886	-8.50318363783452E-09
365.315447152053	-7.42589548167706E-09
365.360178711008	-7.0931782921269E-09
365.404904169265	-7.53816523157006E-09
365.449623526341	-8.45434992257082E-09
365.494336781753	-9.8650234024205E-09
365.539043935015	-1.16282411043399E-08
365.583744985644	-1.35349700142216E-08
365.628439933157	-1.53689796515727E-08
365.673128777068	-1.66579482707365E-08
365.717811516894	-1.72175081231195E-08
365.762488152151	-1.73582905113024E-08
365.807158682355	-1.69917940051927E-08
365.851823107021	-1.60514592906613E-08
365.896481425666	-1.47548476748203E-08
365.941133637806	-1.32393034079511E-08
365.985779742957	-1.15575200078737E-08
366.030419740635	-9.82896258106947E-09
366.075053630355	-8.10260795077416E-09
366.119681411634	-6.45360345025941E-09
366.164303083987	-5.1444358905238E-09
366.208918646931	-4.05472967135922E-09
366.253528099981	-2.99835057232388E-09
366.298131442654	-2.07950756830612E-09
366.342728674466	-1.23385379767263E-09
366.387319794932	-5.72010439178601E-10
366.431904803569	-5.75360870075269E-11
366.476483699892	5.18237008727603E-10
366.521056483417	1.22510446157083E-09
366.565623153661	1.9398214127279E-09
366.610183710139	2.26747775853797E-09
366.654738152367	2.49694664632663E-09
366.699286479862	2.80058953413286E-09
366.743828692139	3.01086333189521E-09
366.788364788714	3.12066261233718E-09
366.832894769103	3.39208993651367E-09
366.877418632823	3.78954467087638E-09
366.921936379389	4.0831158370965E-09
366.966448008317	4.52240488478714E-09
367.010953519123	5.23839681370237E-09
367.055452911323	5.89321389949828E-09
367.099946184433	6.36914141619673E-09
367.144433337969	6.88422427803236E-09
367.188914371448	7.33800062463464E-09
367.233389284384	7.6741577242657E-09
367.277858076294	7.86063278043476E-09
367.322320746694	8.09265495783134E-09
367.3667772951	8.24112441556812E-09
367.411227721028	8.20986852905754E-09
367.455672023994	8.21598630196219E-09
367.500110203513	8.21697195795536E-09
367.544542259103	8.14681474515726E-09
367.588968190278	7.85566186790337E-09
367.633387996555	7.56592674535643E-09
367.677801677449	7.20797841036355E-09
367.722209232478	6.95501920301995E-09
367.766610661156	6.78864673280803E-09
367.811005962999	6.77971321227869E-09
367.855395137524	6.85590937225146E-09
367.899778184247	6.93765886774908E-09
367.944155102684	7.07906886158295E-09
367.98852589235	7.27264978925814E-09
368.032890552761	7.38215419399901E-09
368.077249083434	7.25152446569899E-09
368.121601483884	6.7800194117868E-09
368.165947753628	6.04274095600847E-09
368.210287892181	5.14416996564555E-09
368.25462189906	4.10040489609903E-09
368.29894977378	2.78246714170789E-09
368.343271515857	1.39384681477343E-09
368.387587124808	6.835532140081E-11
368.431896600147	-1.14714826592605E-09
368.476199941392	-2.39312059344601E-09
368.520497148059	-3.40582673755032E-09
368.564788219662	-4.07522849630232E-09
368.609073155719	-4.41854132037523E-09
368.653351955745	-4.69876771929471E-09
368.697624619256	-4.84075458668048E-09
368.741891145768	-4.7504084112615E-09
368.786151534797	-4.59232308791284E-09
368.830405785859	-4.30174097269409E-09
368.87465389847	-3.83196852761567E-09
368.918895872146	-3.27262739665923E-09
368.963131706403	-2.85063628664393E-09
369.007361400757	-2.46599752033861E-09
369.051584954724	-2.03111394576397E-09
369.09580236782	-1.65437130798264E-09
369.14001363956	-1.45716938621673E-09
369.184218769462	-1.30830135699573E-09
369.22841775704	-1.00619346238946E-09
369.272610601811	-5.79246983879575E-10
369.316797303291	-3.05068303998361E-10
369.360977860995	-3.74379416363882E-11
369.40515227444	2.60141241847392E-10
369.449320543142	7.85658648940769E-10
369.493482666617	1.27399624102357E-09
369.53763864438	1.79050885069219E-09
369.581788475947	2.19871209885848E-09
369.625932160836	2.58172549671777E-09
369.670069698561	2.81487077694772E-09
369.714201088638	3.04216562589057E-09
369.758326330584	3.18764125697853E-09
369.802445423914	3.29473980888029E-09
369.846558368145	3.20881032341057E-09
369.890665162792	2.97779933600864E-09
369.934765807371	2.48033304698288E-09
369.978860301399	1.78145475989793E-09
370.022948644391	1.10861297858033E-09
370.067030835863	4.00264488140508E-10
370.111106875332	-3.84700049667786E-10
370.155176762313	-1.16808041085656E-09
370.199240496322	-1.82706294705001E-09
370.243298076876	-2.25273766561507E-09
370.287349503489	-2.42262010745975E-09
370.331394775679	-2.32895869527769E-09
370.375433892961	-2.06353712108611E-09
370.419466854851	-1.84915682936987E-09
370.463493660865	-1.57889978993654E-09
370.507514310519	-1.30410515804638E-09
370.551528803329	-1.23842447484836E-09
370.595537138811	-1.28661914538588E-09
370.639539316481	-1.37189748544444E-09
370.683535335854	-1.37608102785158E-09
370.727525196448	-1.47284262672293E-09
370.771508897778	-1.49228152168991E-09
370.815486439359	-1.63648372764735E-09
370.859457820709	-1.79341286426882E-09
370.903423041342	-1.98894401146796E-09
370.947382100775	-2.09435757844759E-09
370.991334998523	-2.10589856885741E-09
371.035281734104	-2.23509844216024E-09
371.079222307032	-2.37407072061027E-09
371.123156716824	-2.39046538405397E-09
371.167084962995	-2.26207419718403E-09
371.211007045062	-2.12020834447435E-09
371.254922962541	-1.92148241946774E-09
371.298832714947	-1.57408386449273E-09
371.342736301797	-1.21447940666848E-09
371.386633722606	-8.9236618134717E-10
371.43052497689	-6.57713994594933E-10
371.474410064167	-3.57351814869745E-10
371.51828898395	-1.17573950582345E-10
371.562161735757	1.61874513780135E-10
371.606028319104	5.3892890136042E-10
371.649888733505	9.30423737621898E-10
371.693742978478	1.25762222778792E-09
371.737591053539	1.53095003224073E-09
371.781432958202	1.8385557503971E-09
371.825268691985	2.11410111415583E-09
371.869098254403	2.14101314226009E-09
371.912921644973	2.12913131343132E-09
371.956738863209	2.05489713922348E-09
372.000549908629	1.98558480571313E-09
372.044354780747	1.81518444554841E-09
372.088153479081	1.74214731378033E-09
372.131946003146	1.77399050847204E-09
372.175732352458	1.89314808095132E-09
372.219512526533	2.07599914820894E-09
372.263286524887	2.43899278253962E-09
372.307054347036	2.78207723138272E-09
372.350815992496	3.093714835078E-09
372.394571460782	3.27966253616623E-09
372.438320751412	3.41216854189031E-09
372.4820638639	3.56125817090134E-09
372.525800797764	3.70494079173566E-09
372.569531552518	3.74780561437829E-09
372.613256127678	3.77763264400103E-09
372.656974522762	3.80903396986581E-09
372.700686737284	3.92601905769654E-09
372.744392770761	3.96602239151737E-09
372.788092622709	4.08625354939588E-09
372.831786292643	4.29035650529891E-09
372.87547378008	4.48800706701475E-09
372.919155084536	4.61832415687348E-09
372.962830205526	4.71087678866661E-09
373.006499142567	4.58294223741987E-09
373.050161895174	4.28720658054695E-09
373.093818462864	3.86985465145652E-09
373.137468845152	3.38753979848497E-09
373.181113041554	2.77190336965792E-09
373.224751051587	1.86756743228903E-09
373.268382874766	8.89022410848265E-10
373.312008510608	-4.62240246090343E-11
373.355627958628	-7.95845500928532E-10
373.399241218342	-1.38346634244388E-09
373.442848289267	-1.70061731508407E-09
373.486449170918	-1.92966864895557E-09
373.530043862811	-2.01971239936719E-09
373.573632364462	-2.12887174782081E-09
373.617214675387	-2.12560280714015E-09
373.660790795103	-2.0707706681957E-09
373.704360723125	-1.9604587972243E-09
373.747924458968	-2.14861018097323E-09
373.79148200215	-2.51755772102061E-09
373.835033352186	-2.98752456553375E-09
373.878578508592	-3.45653184450426E-09
373.922117470884	-3.81322363301854E-09
373.965650238578	-3.93713595834405E-09
374.009176811189	-4.20442415101207E-09
374.052697188235	-4.56526262280902E-09
374.096211369231	-4.87041186345899E-09
374.139719353692	-4.89097830100134E-09
374.183221141135	-4.76779961093581E-09
374.226716731076	-4.46416526964102E-09
374.270206123031	-4.19069746450029E-09
374.313689316516	-3.84384336211033E-09
374.357166311046	-3.49418650180522E-09
374.400637106138	-3.05131786969903E-09
374.444101701308	-2.65868394320569E-09
374.487560096071	-2.44374587531293E-09
374.531012289944	-2.28131236384304E-09
374.574458282442	-2.29033658967473E-09
374.617898073083	-2.29688957007031E-09
374.66133166138	-2.35346797882669E-09
374.704759046851	-2.41597941944419E-09
374.748180229012	-2.4243777015343E-09
374.791595207378	-2.18709883776286E-09
374.835003981465	-1.89423188425402E-09
374.87840655079	-1.45782608313675E-09
374.921802914869	-9.77479875297398E-10
374.965193073216	-4.34251745767751E-10
375.008577025349	5.79820635931826E-11
375.051954770783	4.24874801917221E-10
375.095326309035	6.89393875081779E-10
375.13869163962	8.13611178098615E-10
375.182050762054	7.62859775058534E-10
375.225403675853	7.05264069118519E-10
375.268750380534	5.32826005397326E-10
375.312090875611	3.5385783186249E-10
375.355425160602	1.36386457673801E-10
375.398753235021	1.88820070688316E-11
375.442075098386	-1.01765151866067E-10
375.485390750212	-1.47348244727594E-10
375.528700190015	-2.06472394758349E-10
375.572003417311	-2.48529752364465E-10
375.615300431616	-1.49273038385672E-10
375.658591232445	-2.32585062323527E-11
375.701875819316	1.04703579134683E-10
375.745154191744	3.34273053625631E-10
375.788426349244	6.18221917911691E-10
375.831692291333	9.16352548976187E-10
375.874952017527	1.16980047802219E-09
375.918205527342	1.38392475161614E-09
375.961452820294	1.5272878505773E-09
376.004693895898	1.66723035238476E-09
376.047928753671	1.81839076963771E-09
376.091157393128	1.96301241735483E-09
376.134379813787	1.93351934276312E-09
376.177596015162	1.81292714009884E-09
376.220805996769	1.67493174744911E-09
376.264009758125	1.42526768063827E-09
376.307207298746	1.08140585316866E-09
376.350398618147	5.88954440598793E-10
376.393583715845	5.86235504567736E-11
376.436762591355	-4.1041958728878E-10
376.479935244193	-8.25153501423248E-10
376.523101673876	-1.16098586367634E-09
376.566261879919	-1.38059308525218E-09
376.609415861839	-1.50069679018455E-09
376.652563619151	-1.46841572342803E-09
376.695705151371	-1.24374999265949E-09
376.738840458016	-9.36627775777286E-10
376.781969538601	-5.31063748673304E-10
376.825092392642	-1.04592667865474E-10
376.868209019655	2.46752840352226E-10
376.911319419156	4.95842256020035E-10
376.954423590662	6.97808699468786E-10
376.997521533688	8.18421330371181E-10
377.040613247749	8.46639202830771E-10
377.083698732363	7.80290498576305E-10
377.126777987045	7.76683161927501E-10
377.169851011311	7.96087195847431E-10
377.212917804677	7.83126674312795E-10
377.255978366659	7.30017379613192E-10
377.299032696772	6.3346461389644E-10
377.342080794534	5.89877702065527E-10
377.38512265946	7.5693673522666E-10
377.428158291065	1.02359165535597E-09
377.471187688866	1.22284959861058E-09
377.514210852379	1.31993904607982E-09
377.55722778112	1.40413192085917E-09
377.600238474605	1.61166768689625E-09
377.643242932349	1.8300869691808E-09
377.686241153869	2.04177119447482E-09
377.729233138681	2.07477035336784E-09
377.7722188863	2.09412931220787E-09
377.815198396243	2.09319539260151E-09
377.858171668025	2.07929051538091E-09
377.901138701163	1.99897209696199E-09
377.944099495173	1.89777282597393E-09
377.98705404957	1.78956671543518E-09
378.030002363871	1.70761427074814E-09
378.072944437591	1.64606772521362E-09
378.115880270246	1.57250812247862E-09
378.158809861353	1.51205292616734E-09
378.201733210428	1.41789802021128E-09
378.244650316985	1.31819444162122E-09
378.287561180542	1.20948606612402E-09
378.330465800615	1.05701936036963E-09
378.373364176718	8.56412496108224E-10
378.416256308369	5.91386495155102E-10
378.459142195083	2.78224998556829E-10
378.502021836376	7.1285199964878E-12
378.544895231765	-2.4890178810011E-10
378.587762380765	-4.84535078843754E-10
378.630623282891	-7.12569892234641E-10
378.673477937661	-8.95132079970891E-10
378.71632634459	-9.96467242550185E-10
378.759168503194	-1.07586284383708E-09
378.802004412989	-1.07475806090408E-09
378.844834073491	-1.0508249831368E-09
378.887657484215	-1.07273079365894E-09
378.930474644679	-1.16162535213927E-09
378.973285554398	-1.2668689438864E-09
379.016090212888	-1.40731737473749E-09
379.058888619664	-1.53753720984435E-09
379.101680774243	-1.60238844543899E-09
379.144466676141	-1.5250645202774E-09
379.187246324874	-1.42686829120654E-09
379.230019719958	-1.30262067883822E-09
379.272786860908	-1.11649822782823E-09
379.315547747241	-8.11308687227937E-10
379.358302378473	-6.2900296102584E-10
379.401050754119	-4.62273663899549E-10
379.443792873696	-2.97123103942541E-10
379.48652873672	-2.67647348764235E-10
379.529258342706	-3.84004383920289E-10
379.571981691171	-5.59455482097524E-10
379.61469878163	-6.54317045204259E-10
379.6574096136	-8.00727817705521E-10
379.700114186596	-9.24960553022943E-10
379.742812500134	-1.05253539273034E-09
379.785504553731	-1.17768095345096E-09
379.828190346903	-1.32139710372222E-09
379.870869879165	-1.27421984156408E-09
379.913543150033	-1.09934739150251E-09
379.956210159023	-9.36832500903218E-10
379.998870905652	-8.46586912043065E-10
380.041525389435	-6.52635279365458E-10
380.084173609888	-4.19573487152916E-10
380.126815566527	-1.5363443851627E-10
380.169451258868	1.38474565138229E-10
380.212080686428	3.71014330300409E-10
380.254703848722	5.69963853728979E-10
380.297320745266	6.6274297139367E-10
380.339931375576	7.44154737553744E-10
380.382535739168	7.35361327116008E-10
380.425133835558	6.97190083199896E-10
380.467725664262	6.2555538507399E-10
380.510311224796	5.79932102172147E-10
380.552890516675	5.33712185415109E-10
380.595463539417	5.27773602459541E-10
380.638030292537	4.79196238130735E-10
380.68059077555	3.27901039600207E-10
380.723144987974	1.97851734975852E-10
380.765692929323	1.36276545594378E-10
380.808234599114	1.44199763230807E-10
380.850769996863	6.15407724761034E-11
380.893299122085	-5.37238031853569E-11
380.935821974297	-2.11271000716387E-10
380.978338553015	-3.75974695891636E-10
381.020848857754	-5.21109711073883E-10
381.063352888031	-5.662960102453E-10
381.105850643362	-6.23259555271253E-10
381.148342123262	-6.85584256267725E-10
381.190827327248	-6.16268591903158E-10
381.233306254835	-4.43973302664848E-10
381.27577890554	-1.06990749598918E-10
381.318245278878	1.80192305504897E-10
381.360705374366	4.70070871006462E-10
381.403159191519	7.7559736381026E-10
381.445606729854	1.16697806905229E-09
381.488047988886	1.54579771086002E-09
381.530482968131	1.81545356360909E-09
381.572911667105	1.98022420487166E-09
381.615334085325	2.02681093924843E-09
381.657750222306	2.05237782114117E-09
381.700160077564	2.01014271692417E-09
381.742563650616	2.02133931610495E-09
381.784960940976	1.98754479343691E-09
381.827351948162	1.8828971697397E-09
381.869736671689	1.62028568208867E-09
381.912115111073	1.33612121277605E-09
381.95448726583	1.05547615036704E-09
381.996853135476	7.86122722164698E-10
382.039212719527	5.25417265113317E-10
382.081566017499	1.89872784144023E-10
382.123913028908	-1.68344893594922E-10
382.16625375327	-5.44048251042485E-10
382.208588190101	-7.63998198330809E-10
382.250916338917	-8.5183560241874E-10
382.293238199233	-8.43343617518487E-10
382.335553770567	-8.93232599396361E-10
382.377863052433	-9.38159661508099E-10
382.420166044348	-9.16182796715268E-10
382.462462745828	-7.79609932470532E-10
382.504753156388	-5.26538701667144E-10
382.547037275546	-3.64544727804283E-10
382.589315102816	-2.8957736213116E-10
382.631586637714	-3.22646687197373E-10
382.673851879757	-3.53508333779429E-10
382.716110828461	-4.45550041405122E-10
382.758363483341	-4.8609583037253E-10
382.800609843914	-5.54769674797181E-10
382.842849909696	-6.03508798673359E-10
382.885083680202	-5.71157454828294E-10
382.927311154948	-4.27207602718076E-10
382.969532333451	-1.78375203512637E-10
383.011747215226	-3.39139827337997E-11
383.053955799789	1.65619073996977E-10
383.096158086657	3.57415430521333E-10
383.138354075346	4.88924012267792E-10
383.18054376537	4.81671813429855E-10
383.222727156247	4.17377243790479E-10
383.264904247492	2.12029505042014E-10
383.307075038622	-1.33679956002606E-10
383.349239529151	-4.49328463426519E-10
383.391397718597	-7.65857932920781E-10
383.433549606475	-9.72114278436457E-10
383.475695192301	-1.15957221669744E-09
383.517834475591	-1.16579179711093E-09
383.559967455861	-1.12896103640515E-09
383.602094132627	-1.16348497570767E-09
383.644214505405	-1.21348386968109E-09
383.686328573712	-1.23208654465985E-09
383.728436337062	-1.18832543875676E-09
383.770537794972	-1.1645268089952E-09
383.812632946958	-1.00934072262283E-09
383.854721792536	-9.24680554775873E-10
383.896804331222	-7.75408182408269E-10
383.938880562531	-5.64275182294735E-10
383.980950485981	-2.17165507822292E-10
384.023014101086	1.76324510532398E-10
384.065071407363	5.14633224791531E-10
384.107122404327	8.96446250162701E-10
384.149167091496	1.12752873640814E-09
384.191205468384	1.28902932689155E-09
384.233237534508	1.29274546539478E-09
384.275263289383	1.24972476733445E-09
384.317282732526	1.09630815476737E-09
384.359295863452	8.93005002878652E-10
384.401302681678	6.78117783917581E-10
384.44330318672	3.19023252208966E-10
384.485297378093	4.07252009892171E-12
384.527285255313	-3.11192627270988E-10
384.569266817897	-4.67525240853072E-10
384.611242065361	-5.97218163989754E-10
384.653210997219	-7.07471859124245E-10
384.695173612989	-8.04578626269524E-10
384.737129912187	-7.62405361356163E-10
384.779079894328	-6.46850129224982E-10
384.821023558928	-4.61302995908671E-10
384.862960905503	-2.47301290587413E-10
384.904891933569	-5.6210480716049E-11
384.946816642643	2.08906669719006E-10
384.98873503224	3.54695606156575E-10
385.030647101876	4.15496748032152E-10
385.072552851067	3.99381860836284E-10
385.114452279329	2.91652923991239E-10
385.156345386179	1.35675470848928E-10
385.198232171131	-2.0639379094902E-11
385.240112633702	-1.90503168797245E-11
385.281986773409	-1.52353463190262E-10
385.323854589766	-2.33234542817427E-10
385.36571608229	-1.85341741971124E-10
385.407571250498	2.36866082300972E-11
385.449420093904	2.59413379632637E-10
385.491262612025	4.69852379115319E-10
385.533098804376	7.47902406392873E-10
385.574928670475	8.98309426440955E-10
385.616752209836	1.02079122880152E-09
385.658569421976	1.14631415405265E-09
385.700380306411	1.32261623787786E-09
385.742184862657	1.32003052845692E-09
385.783983090229	1.13544551474318E-09
385.825774988644	8.80035155471874E-10
385.867560557417	6.20901330157661E-10
385.909339796065	4.34388080966541E-10
385.951112704104	1.87871274075606E-10
385.992879281049	-1.57132085122482E-11
386.034639526417	-3.2253988374237E-10
386.076393439723	-6.06428019096075E-10
386.118141020484	-6.32409347312144E-10
386.159882268215	-4.65688043791065E-10
386.201617182432	-3.05998337826374E-10
386.243345762652	-2.65088617758699E-10
386.285068008391	-1.09469544546267E-10
386.326783919163	6.24396090367842E-11
386.368493494486	2.17650342169879E-10
386.410196733875	3.15739656592376E-10
386.451893636847	2.62679433725627E-10
386.493584202917	2.15390150136837E-10
386.5352684316	2.85651502447776E-11
386.576946322414	4.31663593749141E-11
386.618617874875	3.69575481322491E-11
386.660283088497	1.27882149313656E-11
386.701941962797	1.79420922562013E-11
386.743594497292	4.90636420368461E-11
386.785240691496	1.80055081939078E-10
386.826880544927	2.59754884234923E-10
386.8685140571	3.38977956757803E-10
386.91014122753	2.84896328709923E-10
386.951762055734	2.48626008638909E-10
386.993376541229	2.73066680341237E-10
387.034984683529	2.3455415384979E-10
387.076586482151	2.39878561430024E-10
387.118181936611	1.17605480902417E-10
387.159771046425	-1.31119448640574E-10
387.201353811109	-4.27884172629571E-10
387.242930230178	-6.51527054741554E-10
387.284500303149	-7.34805994099438E-10
387.326064029538	-6.1014282533873E-10
387.36762140886	-3.45479311884837E-10
387.409172440632	-1.74574910098674E-10
387.45071712437	-2.30404584300724E-12
387.492255459589	1.42664990921786E-10
387.533787445806	4.82649919914078E-10
387.575313082536	8.43066061051336E-10
387.616832369296	1.06172048874013E-09
387.658345305602	1.13305187390481E-09
387.699851890968	9.34029075868705E-10
387.741352124913	7.49710959698633E-10
387.78284600695	5.23574294893406E-10
387.824333536598	4.22698542745273E-10
387.86581471337	2.88910229032001E-10
387.907289536784	5.12920816917619E-11
387.948758006355	-1.35450761727121E-10
387.990220121599	-2.8814517442898E-10
388.031675882033	-3.26496163491905E-10
388.073125287172	-4.45083192623059E-10
388.114568336532	-4.7117154633456E-10
388.156005029629	-4.86573559340258E-10
388.19743536598	-5.90760551763186E-10
388.238859345099	-5.08657338600974E-10
388.280276966504	-4.76847228483739E-10
388.32168822971	-3.88545418137365E-10
388.363093134232	-3.52465390269728E-10
388.404491679588	-1.89032234327971E-10
388.445883865293	-1.06589181925755E-11
388.487269690863	8.46560599363193E-11
388.528649155813	1.26761046096173E-10
388.570022259661	6.35205221734912E-11
388.611389001921	5.55022694455206E-11
388.652749382111	6.42130792962081E-11
388.694103399745	1.77419856568299E-10
388.73545105434	3.01049185535067E-10
388.776792345412	3.8345526746506E-10
388.818127272476	5.13691977711738E-10
388.859455835049	5.95691940042043E-10
388.900778032647	7.03958446842479E-10
388.942093864786	6.79138078876519E-10
388.983403330981	6.69922117555322E-10
389.024706430749	4.8720072408981E-10
389.066003163606	2.61547228285411E-10
389.107293529067	1.68152158862263E-11
389.148577526648	-3.89493437578461E-10
389.189855155867	-7.92446664158245E-10
389.231126416237	-1.20824617051148E-09
389.272391307276	-1.49057677423305E-09
389.3136498285	-1.59503388402291E-09
389.354901979424	-1.73723391378908E-09
389.396147759564	-1.82203097220402E-09
389.437387168437	-1.81762283167672E-09
389.478620205558	-1.68276859255388E-09
389.519846870443	-1.55952972879551E-09
389.561067162609	-1.47015588699938E-09
389.602281081571	-1.35653011138353E-09
389.643488626845	-1.32146682572826E-09
389.684689797947	-1.2490604114375E-09
389.725884594394	-1.12593923137332E-09
389.7670730157	-9.5214725038627E-10
389.808255061383	-6.91815049930817E-10
389.849430730958	-5.2460247271118E-10
389.890600023941	-3.25133253706431E-10
389.931762939848	-7.22124582379063E-11
389.972919478195	2.26460850046743E-10
390.014069638498	4.3785419724791E-10
390.055213420273	5.3510418304264E-10
390.096350823036	5.12164754919847E-10
390.137481846303	4.80429251821292E-10
390.17860648959	4.92977436528708E-10
390.219724752412	5.04648767091561E-10
390.260836634287	4.74602135257027E-10
390.301942134729	3.59608343038787E-10
390.343041253255	2.09209316515456E-10
390.384133989381	1.7257972827099E-10
390.425220342622	3.82256448709283E-11
390.466300312495	4.87228035683028E-11
390.507373898516	4.26176871561679E-11
390.548441100201	4.26376711706103E-11
390.589501917065	8.1473938703403E-11
390.630556348625	1.88358217910081E-11
390.671604394396	-2.01230143661384E-11
