293.964827185568	-0.000283763536861983
294.01792795451	-0.000345494097418959
294.071023327497	-0.00038487617202784
294.124113304045	-0.000404704919424913
294.177197883671	-0.000410825346373077
294.230277065889	-0.000410373190446534
294.283350850217	-0.000409476310535284
294.336419236171	-0.000411497084420998
294.389482223265	-0.000416426649849837
294.442539811017	-0.000421225468762178
294.495591998942	-0.000420769635519188
294.548638786556	-0.000409287524383506
294.601680173375	-0.000381981776950094
294.654716158915	-0.000336364821170225
294.707746742692	-0.000272912733874593
294.760771924222	-0.000194774546698758
294.813791703021	-0.000106818003439299
294.866806078605	-1.45279895493381E-05
294.91981505049	7.70286034765403E-05
294.972818618192	0.000163935171118386
295.025816781226	0.00024376006729661
295.07880953911	0.000315553228077042
295.131796891358	0.000379320364828934
295.184778837488	0.000435258644295123
295.237755377014	0.000483212400438013
295.290726509452	0.000522440585708433
295.34369223432	0.000551686854860383
295.396652551132	0.000569313525790589
295.449607459405	0.000573388919393577
295.502556958654	0.00056182981270638
295.555501048396	0.000532582099708657
295.608439728147	0.000483914965025242
295.661372997422	0.000414900386393765
295.714300855737	0.000325870400280714
295.76722330261	0.00021876589385727
295.820140337554	9.72548196663427E-05
295.873051960087	-3.35559265675841E-05
295.925958169725	-0.000167523004424287
295.978858965983	-0.000297941079096557
296.031754348377	-0.000418171146243225
296.084644316424	-0.000522021823682371
296.137528869639	-0.00060392349922957
296.190408007538	-0.00065935903249456
296.243281729638	-0.000685370605389526
296.296150035454	-0.000680976066407972
296.349012924502	-0.000647390850365676
296.401870396298	-0.000587803560552817
296.454722450358	-0.000507045146821359
296.507569086199	-0.000411346172196156
296.560410303336	-0.000307737849979199
296.613246101284	-0.000203112709581047
296.666076479561	-0.000103300282989715
296.718901437682	-1.22224739913182E-05
296.771720975163	6.8483128909182E-05
296.82453509152	0.000139193546552141
296.877343786268	0.000201763314939649
296.930147058925	0.000258862717228254
296.982944909006	0.000313155791489426
297.035737336026	0.000366618297126258
297.088524339502	0.000420159614483858
297.14130591895	0.000473487411692737
297.194082073886	0.000525203627304468
297.246852803826	0.000572987016778717
297.299618108286	0.000613823846355993
297.352377986781	0.000644426276192038
297.405132438828	0.000661710751072125
297.457881463942	0.000662950377437856
297.51062506164	0.000645594855870283
297.563363231438	0.000607123244301586
297.616095972851	0.000545075665408199
297.668823285396	0.00045741766676373
297.721545168589	0.000343590784820359
297.774261621945	0.000205732425296131
297.82697264498	4.93380012688142E-05
297.879678237211	-0.000116741101363548
297.932378398153	-0.000281353964044956
297.985073127323	-0.000432958669838827
298.037762424236	-0.000561399826761002
298.090446288408	-0.000659428382845275
298.143124719356	-0.000723731962344414
298.195797716595	-0.000754891321618646
298.248465279642	-0.000756658329253589
298.301127408011	-0.000734602630873713
298.35378410122	-0.00069432717074851
298.406435358784	-0.000640272883483898
298.459081180219	-0.00057536028083109
298.511721565041	-0.000501278124882943
298.564356512767	-0.000419243022375656
298.616986022911	-0.000330672926294639
298.669610094991	-0.000237525912145625
298.722228728521	-0.000142334102811368
298.774841923019	-4.78863412978E-05
298.827449678	4.32486453452698E-05
298.880051992979	0.000129105863437456
298.932648867474	0.000208538067071213
298.985240300999	0.000281146221968939
299.037826293071	0.000346975788781816
299.090406843206	0.000406241462184083
299.14298195092	0.000459118528237692
299.195551615729	0.00050557975435581
299.248115837148	0.000545381311412217
299.300674614695	0.000578105233867506
299.353227947883	0.00060323821361311
299.405775836231	0.000620252903737812
299.458318279253	0.000628439876035579
299.510855276466	0.000626657392307101
299.563386827386	0.000613015358252367
299.615912931528	0.000584367454659687
299.668433588409	0.000536012848262403
299.720948797544	0.000462023909342479
299.77345855845	0.000356652208273771
299.825962870642	0.000216820296216588
299.878461733636	4.43000133807165E-05
299.93095514695	-0.000153006860313092
299.983443110097	-0.000360770396940349
300.035925622595	-0.000560364982939901
300.088402683959	-0.000732832973460167
300.140874293706	-0.000862536852713849
300.193340451351	-0.000939855339036958
300.24580115641	-0.000962262015979196
300.298256408399	-0.000933760067215322
300.350706206835	-0.000863908742184683
300.403150551232	-0.000765640443600139
300.455589441108	-0.000651857170818408
300.508022875978	-0.000532925001314326
300.560450855359	-0.000415590120976877
300.612873378765	-0.00030324995665276
300.665290445713	-0.000197323145582347
300.71770205572	-9.85060551761205E-05
300.7701082083	-7.23272061441869E-06
300.82250890297	7.632286046832E-05
300.874904139247	0.000152323834115914
300.927293916645	0.000221269868506575
300.979678234681	0.000283837401046719
301.032057092871	0.000340699643219815
301.084430490731	0.000392468859383456
301.136798427777	0.000439640620369388
301.189160903524	0.000482492057906991
301.241517917489	0.000520968209442709
301.293869469188	0.00055460284840977
301.346215558137	0.000582486910647778
301.398556183852	0.000603262570598907
301.450891345848	0.00061515704421649
301.503221043641	0.000616018672587363
301.555545276749	0.000603329469045876
301.607864044686	0.000574328392512679
301.660177346968	0.000526239694024932
301.712485183112	0.000456551415201092
301.764787552634	0.00036357193018239
301.817084455049	0.000247261979751177
301.869375889873	0.000109991213330206
301.921661856623	-4.30007380065599E-05
301.973942354814	-0.000203738697290741
302.026217383963	-0.000362441285091051
302.078486943585	-0.000508763814089304
302.130751033196	-0.000633121305433057
302.183009652313	-0.000727975998316324
302.235262800451	-0.00078869325134358
302.287510477126	-0.000813928250223304
302.339752681855	-0.000805553354448758
302.391989414152	-0.000767876413292298
302.444220673535	-0.000706557226179371
302.496446459519	-0.000627737199617836
302.54866677162	-0.000537329974975596
302.600881609354	-0.000440567460570586
302.653090972237	-0.000341772104860123
302.705294859785	-0.000244289272943124
302.757493271515	-0.000150596388321504
302.809686206941	-6.24209423861194E-05
302.86187366558	1.92507984081691E-05
302.914055646948	9.40927246475997E-05
302.966232150561	0.000162207945085394
303.018403175935	0.000223892331030216
303.070568722585	0.000279447410354797
303.122728790029	0.000329072801837758
303.174883377781	0.00037284486310808
303.227032485358	0.000410713005940573
303.279176112276	0.000442536697577419
303.331314258051	0.000468147526413672
303.383446922198	0.000487423656921801
303.435574104234	0.000500348854700972
303.487695803675	0.000506975742755382
303.539812020036	0.000507341883142987
303.591922752833	0.000501354812802601
303.644028001584	0.000488594773497584
303.696127765803	0.000468156641460819
303.748222045006	0.00043851585015576
303.80031083871	0.000397361653216953
303.85239414643	0.000341579566594838
303.904471967683	0.000267710642804768
303.956544301984	0.000173200556051021
304.00861114885	5.79494751066013E-05
304.060672507795	-7.47694689260013E-05
304.112728378338	-0.000217854104891838
304.164778759992	-0.000360485524153964
304.216823652275	-0.000490013852759697
304.268863054702	-0.000594885907854639
304.320896966789	-0.000666872936956813
304.372925388053	-0.000702089388265245
304.424948318008	-0.00070078372921073
304.476965756172	-0.000666698148304001
304.52897770206	-0.000606707339581957
304.580984155188	-0.00052950152115404
304.632985115072	-0.000443275923476773
304.684980581228	-0.000354291957755274
304.736970553172	-0.000266573030376011
304.78895503042	-0.000182324604340329
304.840934012488	-0.000102819716603511
304.892907498892	-2.89908114299104E-05
304.944875489148	3.85533549719276E-05
304.996837982771	9.96362565968597E-05
305.048794979279	0.000154512489319464
305.100746478186	0.000203762913459811
305.152692479009	0.000248056327350407
305.204632981264	0.000287926676005928
305.256567984467	0.000323690623196392
305.308497488134	0.000355400017217088
305.36042149178	0.000382843412995822
305.412339994921	0.000405635379407561
305.464252997075	0.000423307950773808
305.516160497756	0.000435385498432572
305.568062496481	0.000441443801551364
305.619958992765	0.000441062215425991
305.671849986124	0.000433715858958462
305.723735476076	0.000418755994371903
305.775615462134	0.000395437336068452
305.827489943817	0.000363018332875967
305.879358920638	0.000320999589277025
305.931222392115	0.000269289890594636
305.983080357764	0.000208248726593812
306.034932817099	0.000138680185267745
306.086779769638	6.1734353770282E-05
306.138621214897	-2.11374766501727E-05
306.19045715239	-0.000108106996820168
306.242287581635	-0.000196879683942159
306.294112502147	-0.000284506374533853
306.345931913443	-0.000367183518240805
306.397745815037	-0.000440341432201645
306.449554206447	-0.000498999943536729
306.501357087188	-0.000538468463465919
306.553154456775	-0.000555332544450548
306.604946314726	-0.000548210842468511
306.656732660556	-0.000518070500276352
306.708513493781	-0.000468147810508217
306.760288813917	-0.000403396580959914
306.81205862048	-0.000329721972893255
306.863822912986	-0.000253110680900552
306.91558169095	-0.000178628529608994
306.96733495389	-0.000109738155252531
307.01908270132	-4.81900736971848E-05
307.070824932758	5.72792080474524E-06
307.122561647718	5.27305069237097E-05
307.174292845717	9.3956895842035E-05
307.22601852627	0.000130483421886965
307.277738688894	0.000163043970483007
307.329453333106	0.000191976462783286
307.381162458419	0.000217322260543271
307.432866064352	0.00023893647747402
307.484564150418	0.000256558146171433
307.536256716136	0.00026995561709558
307.58794376102	0.000279132206956651
307.639625284587	0.000284428882436888
307.691301286352	0.000286454096298188
307.742971765831	0.000285865219352855
307.794636722541	0.000283090138871348
307.846296155998	0.000278094915036927
307.897950065717	0.000270385990467733
307.949598451214	0.000259224559225594
308.001241312006	0.000243784247461267
308.052878647608	0.000223356538783752
308.104510457536	0.00019754384885604
308.156136741307	0.000166052709920522
308.207757498435	0.000128326698035593
308.259372728438	8.34706957709316E-05
308.310982430832	3.05329459051771E-05
308.362586605131	-3.07707199808019E-05
308.414185250852	-9.93355905393425E-05
308.465778367512	-0.000172490394038575
308.517365954626	-0.000246006046119078
308.56894801171	-0.000314319238513649
308.620524538279	-0.000371418401034389
308.672095533851	-0.000411950973883646
308.723660997941	-0.000432201687313957
308.775220930065	-0.000430879315278397
308.826775329739	-0.000409254118927934
308.878324196478	-0.000370723520089815
308.9298675298	-0.000320110874125469
308.981405329219	-0.000262669576304481
309.032937594252	-0.000203076172216322
309.084464324415	-0.000144841332715925
309.135985519224	-9.01287967458106E-05
309.187501178195	-3.99799383786539E-05
309.239011300843	5.20680189670412E-06
309.290515886685	4.53315372730248E-05
309.342014935236	8.04488147679523E-05
309.393508446014	0.00011064779167775
309.444996418532	0.000135956571317718
309.496478852309	0.000156344763105149
309.547955746859	0.000171794404627444
309.599427101698	0.000182434379836676
309.650892916343	0.00018863881252929
309.70235319031	0.000191006422168437
309.753807923114	0.000190272331331017
309.805257114271	0.000187152119995115
309.856700763298	0.000182202954919275
309.90813886971	0.000175771548077604
309.959571433024	0.000167994798457042
310.010998452755	0.000158883921525463
310.062419928419	0.000148456682407826
310.113835859533	0.000136802907525732
310.165246245611	0.000124043092915692
310.216651086171	0.000110157208186524
310.268050380728	9.47811408565905E-05
310.319444128799	7.71375169926015E-05
310.370832329898	5.60839887497157E-05
310.422214983543	3.03679324511018E-05
310.473592089248	-8.15521409916411E-07
310.524963646531	-3.72209496743645E-05
310.576329654907	-7.71967237262499E-05
310.627690113892	-0.000117774743540609
310.679045023001	-0.000155235382173871
310.730394381752	-0.000185818871830974
310.78173818966	-0.00020650648234599
310.83307644624	-0.000215793223520487
310.88440915101	-0.00021395538355719
310.935736303484	-0.000202727682136543
310.987057903179	-0.000184728027010173
311.038373949611	-0.000162763813115215
311.089684442296	-0.000139257178908982
311.140989380749	-0.000115911811096413
311.192288764487	-9.34506621779031E-05
311.243582593026	-7.16596499826389E-05
311.294870865882	-4.9842430639795E-05
311.34615358257	-2.73555285900847E-05
311.397430742607	-3.99196238350096E-06
311.448702345508	1.99001379548423E-05
311.49996839079	4.35906856451171E-05
311.551228877969	6.623454394763E-05
311.60248380656	8.69845470379608E-05
311.653733176079	0.000105009290918354
311.704976986043	0.000119585980641682
311.756215235967	0.000130224323912858
311.807447925368	0.000136747928605885
311.858675053761	0.000139345288977132
311.909896620663	0.0001385543725361
311.961112625589	0.000135165501120955
312.012323068055	0.000130096924386995
312.063527947577	0.000124252873329613
312.114727263672	0.0001183708612987
312.165921015855	0.000112902887239214
312.217109203642	0.000107973167629697
312.268291826549	0.00010339511447797
312.319468884093	9.87401917326648E-05
312.370640375788	9.34622081094632E-05
312.421806301152	8.70690496753342E-05
312.4729666597	7.92564749017415E-05
312.524121450947	6.99338189695784E-05
312.575270674411	5.91061790136609E-05
312.626414329607	4.66832746019818E-05
312.677552416051	3.24013663463172E-05
312.728684933258	1.59047445476154E-05
312.779811880746	-3.11743660273905E-06
312.830933258029	-2.47519312795684E-05
312.882049064624	-4.8646461194728E-05
312.933159300047	-7.38654523175461E-05
312.984263963814	-9.88499525894534E-05
313.035363055441	-0.000121580382232618
313.086456574443	-0.000139943195831991
313.137544520338	-0.000152121423673698
313.188626892639	-0.000156920943624967
313.239703690865	-0.000153990051317198
313.29077491453	-0.000143816345530737
313.341840563151	-0.000127575620780067
313.392900636243	-0.000106921296357301
313.443955133323	-8.37288048865088E-05
313.495004053907	-5.98416363350421E-05
313.54604739751	-3.68666798036614E-05
313.597085163648	-1.59982846129654E-05
313.648117351838	2.06750088555117E-06
313.699143961595	1.70965292548412E-05
313.750164992436	2.92542283716644E-05
313.801180443876	3.9047425264139E-05
313.852190315432	4.7188554264389E-05
313.903194606619	5.44104540071636E-05
313.954193316953	6.13090573459984E-05
314.00518644595	6.82285575374157E-05
314.056173993127	7.52038060249559E-05
314.107155957999	8.19734072612879E-05
314.158132340082	8.80274352947051E-05
314.209103138892	9.27193095304199E-05
314.260068353946	9.54420859863916E-05
314.311027984758	9.57767930146236E-05
314.361982030846	9.35629432833313E-05
314.412930491724	8.89100081252873E-05
314.46387336691	8.21690357195263E-05
314.514810655919	7.38770812067985E-05
314.565742358267	6.46869616015139E-05
314.616668473469	5.52864644100765E-05
314.667589001043	4.63218954830849E-05
314.718503940503	3.83201931174453E-05
314.769413291367	3.15911750200221E-05
314.820317053149	2.61411570782044E-05
314.871215225366	2.16534844139062E-05
314.922107807534	1.75506715728128E-05
314.972994799169	1.315606112426E-05
315.023876199786	7.89376933654424E-06
315.074752008902	1.43799657924967E-06
315.125622226033	-6.17765969529176E-06
315.176486850695	-1.45204980334741E-05
315.227345882403	-2.28827895953287E-05
315.278199320674	-3.04891828245221E-05
315.329047165023	-3.67075642446102E-05
315.379889414967	-4.12312633816616E-05
315.430726070022	-4.41282360863306E-05
315.481557129703	-4.57507617007529E-05
315.532382593526	-4.65913160970014E-05
315.583202461008	-4.70627066426607E-05
315.634016731664	-4.72843422592341E-05
315.684825405011	-4.70353304886612E-05
315.735628480564	-4.58305821377816E-05
315.78642595784	-4.30815051301027E-05
315.837217836354	-3.8318961688309E-05
315.888004115622	-3.13608830102897E-05
315.93878479516	-2.23728624322431E-05
315.989559874485	-1.18645281344124E-05
316.040329353112	-5.86809350618141E-07
316.091093230557	1.06342393632651E-05
316.141851506336	2.10384479504894E-05
316.192604179966	3.0037677818016E-05
316.243351250961	3.72584983726005E-05
316.294092718839	4.25068308912523E-05
316.344828583115	4.57140333597059E-05
316.395558843304	4.6901997287522E-05
316.446283498924	4.6169732967755E-05
316.49700254949	4.37154755164295E-05
316.547715994518	3.98583026988121E-05
316.598423833523	3.50168784817676E-05
316.649126066023	2.96589760190767E-05
316.699822691532	2.42317005578471E-05
316.750513709567	1.90900389882269E-05
316.801199119645	1.44501036175854E-05
316.85187892128	1.03667258953352E-05
316.902553113988	6.74353708879811E-06
316.953221697287	3.39502003414521E-06
317.003884670691	1.33702672608829E-07
317.054542033717	-3.13817616763267E-06
317.10519378588	-6.35517284450402E-06
317.155839926698	-9.29098922187109E-06
317.206480455684	-1.16320757986708E-05
317.257115372357	-1.30776938538967E-05
317.307744676231	-1.34359532211389E-05
317.358368366822	-1.26829164364737E-05
317.408986443647	-1.09754124047378E-05
317.459598906222	-8.63947406811412E-06
317.510205754062	-6.11115500183014E-06
317.560806986683	-3.84394147308758E-06
317.611402603602	-2.23532528891814E-06
317.661992604334	-1.58100229694717E-06
317.712576988396	-2.05776735050738E-06
317.763155755303	-3.73949654499115E-06
317.813728904571	-6.59929325990483E-06
317.864296435716	-1.04847636337897E-05
317.914858348255	-1.5108802310423E-05
317.965414641703	-2.00510462930963E-05
318.015965315576	-2.47749213993434E-05
318.066510369391	-2.87066513168544E-05
318.117049802662	-3.13404721597567E-05
318.167583614907	-3.230995834122E-05
318.21811180564	-3.14325365210377E-05
318.268634374379	-2.87235696207634E-05
318.319151320639	-2.43683877522819E-05
318.369662643936	-1.86925221961778E-05
318.420168343786	-1.21123113639825E-05
318.470668419704	-5.04481617351594E-06
318.521162871208	2.16094555192928E-06
318.571651697813	9.2387050575265E-06
318.622134899034	1.5987965490995E-05
318.672612474389	2.22371920619246E-05
318.723084423392	2.78092053191455E-05
318.77355074556	3.25219506018902E-05
318.824011440408	3.62168366166007E-05
318.874466507454	3.87929860281254E-05
318.924915946212	4.02306466287514E-05
318.975359756199	4.0587382174714E-05
319.025797936931	3.9972711887951E-05
319.076230487923	3.85133503858621E-05
319.126657408692	3.63192643432104E-05
319.177078698753	3.34648557118682E-05
319.227494357623	2.99899693219879E-05
319.277904384818	2.59152475123872E-05
319.328308779853	2.12750704490471E-05
319.378707542245	1.61490381910638E-05
319.429100671509	1.06773380192838E-05
319.479488167161	5.07057310646779E-06
319.529870028718	-4.00878899107601E-07
319.580246255696	-5.45172918429216E-06
319.630616847609	-9.82549207906887E-06
319.680981803975	-1.33124487664675E-05
319.731341124309	-1.57599639587436E-05
319.781694808128	-1.70816100520175E-05
319.832042854947	-1.72653229088719E-05
319.882385264282	-1.63763438250875E-05
319.932722035649	-1.45419442960825E-05
319.983053168564	-1.19248183095795E-05
320.033378662544	-8.71093083007081E-06
320.083698517104	-5.11153452890814E-06
320.134012731759	-1.36080027985222E-06
320.184321306027	2.29904823330581E-06
320.234624239423	5.64615060750709E-06
320.284921531463	8.51235723522291E-06
320.335213181663	1.08013293201074E-05
320.385499189539	1.24826395840085E-05
320.435779554607	1.35691355706973E-05
320.486054276382	1.40948999879575E-05
320.536323354382	1.41011185306932E-05
320.586586788121	1.36249594903938E-05
320.636844577117	1.26906173343779E-05
320.687096720884	1.13080491703312E-05
320.737343218939	9.48458728411595E-06
320.787584070797	7.25565647725027E-06
320.837819275975	4.71875259909614E-06
320.88804883399	2.05050314482855E-06
320.938272744355	-4.96384354891532E-07
320.988491006589	-2.62762732125793E-06
321.038703620206	-4.07207921128268E-06
321.088910584722	-4.63908828061117E-06
321.139111899654	-4.24765303681275E-06
321.189307564518	-2.93417623074688E-06
321.239497578829	-8.36457220170503E-07
321.289681942104	1.83214826100857E-06
321.339860653858	4.80900560488869E-06
321.390033713608	7.82304235856351E-06
321.440201120869	1.06434689224922E-05
321.490362875157	1.31033607318105E-05
321.540518975989	1.50995274400148E-05
321.59066942288	1.65792482994458E-05
321.640814215346	1.7518686322435E-05
321.690953352904	1.79086599476292E-05
321.741086835069	1.77562521947123E-05
321.791214661357	1.7091287240101E-05
321.841336831284	1.59680544988562E-05
321.891453344367	1.44652616786057E-05
321.94156420012	1.26827122258825E-05
321.991669398061	1.07327700351491E-05
322.041768937705	8.73398499109138E-06
322.091862818568	6.80313394967069E-06
322.141951040166	5.03565710523684E-06
322.192033602015	3.48221914793575E-06
322.242110503631	2.13391295583836E-06
322.29218174453	9.23915828515449E-07
322.342247324228	-2.46535348316916E-07
322.392307242241	-1.47112299158978E-06
322.442361498084	-2.80831327101034E-06
322.492410091275	-4.2511945969657E-06
322.542453021328	-5.70433561306301E-06
322.592490287761	-6.99652747246767E-06
322.642521890088	-7.92051547212327E-06
322.692547827825	-8.28019728837167E-06
322.74256810049	-7.93926461798725E-06
322.792582707597	-6.85310852006672E-06
322.842591648663	-5.07245482939196E-06
322.892594923203	-2.7358347826185E-06
322.942592530734	-4.66026543395972E-08
322.992584470772	2.76721422706591E-06
323.042570742832	5.49319907319615E-06
323.092551346431	7.96696676292507E-06
323.142526281084	1.00916558908094E-05
323.192495546308	1.18315441270327E-05
323.242459141619	1.31882258585328E-05
323.292417066531	1.41829549770048E-05
323.342369320562	1.48493267882823E-05
323.392315903228	1.52282448302577E-05
323.442256814044	1.53605604864569E-05
323.492192052526	1.52788416985288E-05
323.54212161819	1.50025622635757E-05
323.592045510553	1.45376722440947E-05
323.64196372913	1.38779403519402E-05
323.691876273438	1.30098121606506E-05
323.741783142991	1.19235765083457E-05
323.791684337307	1.06255959267616E-05
323.841579855901	9.14487681166719E-06
323.891469698288	7.53372901685234E-06
323.941353863986	5.86509864018561E-06
323.991232352511	4.22938943025679E-06
324.041105163377	2.72881142725736E-06
324.090972296101	1.46478298534996E-06
324.140833750199	5.19477933246285E-07
324.190689525187	-5.95546781409269E-08
324.240539620581	-2.66081709749612E-07
324.290384035897	-1.33473126587343E-07
324.340222770651	2.72525271842744E-07
324.390055824359	8.66110515504145E-07
324.439883196536	1.55488034184488E-06
324.4897048867	2.25031166510078E-06
324.539520894365	2.87630374965164E-06
324.589331219047	3.3763349881725E-06
324.639135860264	3.71617536894849E-06
324.68893481753	3.88277188185705E-06
324.738728090362	3.87940437557165E-06
324.788515678276	3.71753120900872E-06
324.838297580787	3.40907652786629E-06
324.888073797412	2.96448785774204E-06
324.937844327667	2.39862612563509E-06
324.987609171067	1.73844070506752E-06
325.037368327128	1.02691323511264E-06
325.087121795367	3.23972819356324E-07
325.136869575299	-2.98486787499471E-07
325.186611666441	-7.71313585640854E-07
325.236348068309	-1.04469080289711E-06
325.286078780417	-1.09813943009889E-06
325.335803802283	-9.43349519595843E-07
325.385523133423	-6.20712743551709E-07
325.435236773351	-1.92912413384932E-07
325.484944721585	2.61117526155492E-07
325.534646977641	6.58672921408954E-07
325.584343541033	9.33999995810876E-07
325.634034411279	1.05411809842034E-06
325.683719587893	1.02256306052653E-06
325.733399070393	8.74510686532876E-07
325.783072858294	6.67216975580642E-07
325.832740951113	4.6658535349629E-07
325.882403348364	3.33961903901661E-07
325.932060049564	3.16229630379953E-07
325.98171105423	4.39349610059964E-07
326.031356361876	7.05918813258058E-07
326.080995972019	1.09841062108342E-06
326.130629884175	1.58500545280718E-06
326.18025809786	2.12598077144892E-06
326.22988061259	2.68096233765119E-06
326.279497427881	3.215375651518E-06
326.329108543249	3.70429155499135E-06
326.37871395821	4.13460106360483E-06
326.428313672279	4.50359062477872E-06
326.477907684973	4.81384497391884E-06
326.527495995808	5.06844956944545E-06
326.577078604299	5.26874909658955E-06
326.626655509963	5.4135610772736E-06
326.676226712316	5.49867085790741E-06
326.725792210874	5.51675982404243E-06
326.775352005152	5.45834829412178E-06
326.824906094666	5.31360131524457E-06
326.874454478933	5.07399173756269E-06
326.923997157469	4.7333731754315E-06
326.973534129789	4.28968824795221E-06
327.02306539541	3.74855896293354E-06
327.072590953847	3.12725544039434E-06
327.122110804616	2.45548635535685E-06
327.171624947234	1.77262978977666E-06
327.221133381216	1.12459941622081E-06
327.270636106079	5.59705011512296E-07
327.320133121338	1.20433541967193E-07
327.369624426509	-1.65518180566325E-07
327.419110021108	-2.89231053862261E-07
327.468589904652	-2.59370306201948E-07
327.518064076656	-9.80831686688279E-08
327.567532536636	1.63160813680506E-07
327.616995284108	4.86125021261906E-07
327.666452318588	8.29771288190917E-07
327.715903639593	1.15714815733851E-06
327.765349246637	1.44017351009664E-06
327.814789139238	1.66054667428829E-06
327.86422331691	1.80879365058786E-06
327.913651779171	1.88231099576185E-06
327.963074525535	1.88375455052752E-06
328.01249155552	1.82168750554658E-06
328.06190286864	1.71140112950659E-06
328.111308464412	1.57291418010521E-06
328.160708342352	1.42719692591613E-06
328.210102501976	1.29288844398757E-06
328.2594909428	1.18433710825058E-06
328.308873664339	1.11067885393799E-06
328.358250666111	1.07504021346888E-06
328.40762194763	1.07407202559089E-06
328.456987508412	1.099176003245E-06
328.506347347975	1.13926295301527E-06
328.555701465833	1.18336070877119E-06
328.605049861502	1.22197893173785E-06
328.6543925345	1.24717694876204E-06
328.703729484341	1.25185537591247E-06
328.753060710541	1.22886745980902E-06
328.802386212617	1.17076263390906E-06
328.851705990084	1.07038345718898E-06
328.901020042459	9.21733077574544E-07
328.950328369257	7.21541338758928E-07
328.999630969995	4.71724749874131E-07
329.048927844188	1.81531924856638E-07
329.098218991352	-1.31427110534428E-07
329.147504411004	-4.41774338636615E-07
329.196784102659	-7.197029908787E-07
329.246058065834	-9.35966969914824E-07
329.295326300043	-1.06667305552116E-06
329.344588804804	-1.09718676415488E-06
329.393845579632	-1.02454760055188E-06
329.443096624043	-8.57577063544582E-07
329.492341937554	-6.15358015791358E-07
329.541581519679	-3.23746913422912E-07
329.590815369936	-1.04373797198576E-08
329.64004348784	2.99533423630478E-07
329.689265872906	5.86629588571182E-07
329.738482524652	8.37595563789762E-07
329.787693442593	1.04415602257269E-06
329.836898626245	1.20169315654754E-06
329.886098075123	1.30885760016295E-06
329.935291788745	1.36733840832835E-06
329.984479766625	1.38183251798187E-06
330.03366200828	1.35958955250991E-06
330.082838513227	1.30869519523483E-06
330.13200928098	1.23641783027325E-06
330.181174311055	1.14846661755891E-06
330.23033360297	1.04817043173589E-06
330.279487156239	9.35938114113132E-07
330.328634970379	8.09949276006768E-07
330.377777044906	6.67647952984447E-07
330.426913379335	5.08051137434026E-07
330.476043973183	3.34412599914585E-07
330.525168825965	1.55690592042866E-07
330.574287937198	-1.36812572837026E-08
330.623401306398	-1.55842122146187E-07
330.67250893308	-2.5362908986578E-07
330.721610816761	-2.94826863440761E-07
330.770706956956	-2.74393145649009E-07
330.819797353181	-1.9511364853795E-07
330.868882004953	-6.71939822991453E-08
330.917960911788	9.30957023012559E-08
330.9670340732	2.65695131811475E-07
331.016101488707	4.30178782414382E-07
331.065163157825	5.7028018490813E-07
331.114219080068	6.77186966339421E-07
331.163269254954	7.49739765259044E-07
331.212313681998	7.92453186943991E-07
331.261352360716	8.13504029363823E-07
331.310385290625	8.22567743061517E-07
331.35941247124	8.28148306414129E-07
331.408433902076	8.35846909222825E-07
331.457449582651	8.48373482835442E-07
331.50645951248	8.66059144874424E-07
331.555463691079	8.86881770837821E-07
331.604462117964	9.06345087688868E-07
331.653454792651	9.19002359477318E-07
331.702441714656	9.21800184970818E-07
331.751422883495	9.15693229140904E-07
331.800398298684	9.03221488575202E-07
331.849367959739	8.85280335067203E-07
331.898331866175	8.61152966954238E-07
331.94729001751	8.30760635442492E-07
331.996242413258	7.9530471284821E-07
332.045189052936	7.55230908478429E-07
332.09412993606	7.08388212027809E-07
332.143065062145	6.51157582991021E-07
332.191994430708	5.816025892317E-07
332.240918041265	5.0104003277244E-07
332.289835893332	4.12923108550452E-07
332.338747986424	3.21268464012405E-07
332.387654320057	2.29570549677171E-07
332.436554893749	1.39733993619984E-07
332.485449707014	5.23184358972396E-08
332.534338759368	-3.15498187945419E-08
332.583222050328	-1.0912661593952E-07
332.632099579409	-1.76414171493241E-07
332.680971346128	-2.28265771334612E-07
332.72983735	-2.59179348199602E-07
332.778697590542	-2.65386562863741E-07
332.827552067269	-2.46009051033129E-07
332.876400779697	-2.02872545274431E-07
332.925243727343	-1.40156378300082E-07
332.974080909722	-6.40394548363414E-08
333.02291232635	1.72989614865158E-08
333.071737976743	9.40077205546113E-08
333.120557860418	1.57273181418705E-07
333.16937197689	2.03124130436422E-07
333.218180325675	2.33022351468855E-07
333.266982906289	2.51323569329399E-07
333.315779718248	2.62795735445432E-07
333.364570761068	2.71544459643078E-07
333.413356034265	2.80590428371122E-07
333.462135537355	2.91217757322123E-07
333.510909269855	3.02237643417069E-07
333.559677231279	3.10109043600762E-07
333.608439421144	3.10241006131195E-07
333.657195838966	2.98547827008132E-07
333.705946484261	2.72397953959417E-07
333.754691356545	2.30999111631126E-07
333.803430455334	1.75574542760106E-07
333.852163780143	1.09532889454384E-07
333.90089133049	3.86732364626237E-08
333.949613105889	-2.91690142027293E-08
333.998329105857	-8.55847235538128E-08
334.047039329909	-1.23777738264225E-07
334.095743777562	-1.40177207363038E-07
334.144442448332	-1.34495532957715E-07
334.193135341734	-1.08780818292809E-07
334.241822457286	-6.69365070428549E-08
334.290503794501	-1.44863288900022E-08
334.339179352897	4.25271683336817E-08
334.38784913199	9.87519191421932E-08
334.436513131295	1.49730194737361E-07
334.485171350329	1.92113205685527E-07
334.533823788607	2.24457235373256E-07
334.582470445645	2.47539400977396E-07
334.63111132096	2.63572822255926E-07
334.679746414068	2.7487871016309E-07
334.728375724483	2.8261262119258E-07
334.776999251723	2.86319159335085E-07
334.825616995303	2.84994106787726E-07
334.87422895474	2.78593902923287E-07
334.922835129549	2.68322692467614E-07
334.971435519245	2.55767210932317E-07
335.020030123347	2.42074312849954E-07
335.068618941368	2.27989883694695E-07
335.117201972825	2.14926572641407E-07
335.165779217235	2.05944120749114E-07
335.214350674112	2.04848594794039E-07
335.262916342974	2.13812606522829E-07
335.311476223335	2.32065926812088E-07
335.360030314713	2.56570574499915E-07
335.408578616622	2.83337009292812E-07
335.45712112858	3.08020036136622E-07
335.505657850101	3.26016095423945E-07
335.554188780703	3.32883425640427E-07
335.6027139199	3.25241454839847E-07
335.651233267209	3.01695116921051E-07
335.699746822146	2.63370386882387E-07
335.748254584226	2.13879385980186E-07
335.796756552967	1.58816916658514E-07
335.845252727883	1.04770712981625E-07
335.893743108491	5.79698208606482E-08
335.942227694306	2.30572374468268E-08
335.990706484845	2.52621851920234E-09
336.039179479624	-3.40789753688646E-09
336.087646678158	2.97231029930703E-09
336.136108079964	1.69390511240609E-08
336.184563684558	3.25345012492028E-08
336.233013491455	4.45043074932687E-08
336.281457500171	4.96268871301008E-08
336.329895710223	4.68730679581032E-08
336.378328121127	3.69087702690625E-08
336.426754732398	2.17547923333098E-08
336.475175543552	4.63148741399255E-09
336.523590554106	-1.0729227710869E-08
336.571999763575	-2.12478076618534E-08
336.620403171475	-2.5295443211068E-08
336.668800777322	-2.2807005262182E-08
336.717192580633	-1.47410352483554E-08
336.765578580923	-2.22313683664274E-09
336.813958777708	1.3677215713554E-08
336.862333170505	3.1337758452031E-08
336.910701758828	4.8417382129983E-08
336.959064542195	6.26690519164351E-08
337.007421520121	7.29545370709583E-08
337.055772692122	7.96913010155505E-08
337.104118057714	8.4220945008682E-08
337.152457616413	8.73451131607013E-08
337.200791367735	8.86551280557549E-08
337.249119311196	8.73847216248015E-08
337.297441446311	8.32150173129114E-08
337.345757772598	7.62061412777352E-08
337.394068289572	6.66597355309281E-08
337.442372996748	5.51068111865841E-08
337.490671893644	4.21676161437484E-08
337.538964979774	2.86594514495059E-08
337.587252254655	1.59699696976931E-08
337.635533717803	6.09098406175352E-09
337.683809368733	1.35938872799305E-09
337.732079206962	3.91890193392382E-09
337.780343232006	1.46909362712604E-08
337.828601443381	3.28614208109919E-08
337.876853840602	5.66281630610078E-08
337.925100423185	8.39185061010317E-08
337.973341190648	1.11955863575344E-07
338.021576142505	1.37083261331119E-07
338.069805278272	1.56019332331901E-07
338.118028597466	1.67283229493027E-07
338.166246099602	1.71231106980404E-07
338.214457784197	1.68805011098387E-07
338.262663650766	1.60575802925688E-07
338.310863698826	1.47441388326819E-07
338.359057927892	1.31690054671368E-07
338.40724633748	1.16144782304183E-07
338.455428927107	1.02314534786145E-07
338.503605696288	9.0262481430966E-08
338.551776644539	7.9929387615087E-08
338.599941771376	7.18523038488423E-08
338.648101076316	6.6717228969287E-08
338.696254558874	6.47183075001766E-08
338.744402218565	6.55886406384181E-08
338.792544054908	6.90956918217498E-08
338.840680067416	7.51535275715577E-08
338.888810255606	8.33372922442106E-08
338.936934618994	9.24840951435165E-08
338.985053157097	1.00745264476545E-07
339.033165869429	1.06039062726332E-07
339.081272755507	1.06835494946184E-07
339.129373814847	1.02571607087498E-07
339.177469046966	9.29985548866108E-08
339.225558451378	7.75488167043655E-08
339.2736420276	5.61768477180976E-08
339.321719775147	3.06624219726398E-08
339.369791693537	4.28905572478946E-09
339.417857782284	-1.99871787520165E-08
339.465918040905	-4.06083305740948E-08
339.513972468916	-5.64993122592913E-08
339.562021065833	-6.60753350350124E-08
339.610063831171	-6.82975631491751E-08
339.658100764447	-6.44017898798538E-08
339.706131865176	-5.75577200274737E-08
339.754157132875	-5.0778982095552E-08
339.80217656706	-4.5540231226471E-08
339.850190167246	-4.21875566398258E-08
339.89819793295	-4.09559919760311E-08
339.946199863687	-4.20913351338346E-08
339.994195958974	-4.5217927370367E-08
340.042186218326	-4.90394578928141E-08
340.09017064126	-5.19275924367155E-08
340.138149227291	-5.30597805800306E-08
340.186121975935	-5.3000703439378E-08
340.234088886709	-5.27919061754424E-08
340.282049959128	-5.23492229525382E-08
340.330005192708	-4.9976169694318E-08
340.377954586966	-4.36298259836934E-08
340.425898141417	-3.2671434571192E-08
340.473835855577	-1.81800905314697E-08
340.521767728962	-1.55772333512237E-09
340.569693761088	1.65205084491185E-08
340.617613951472	3.54774559300665E-08
340.665528299628	5.41316843574949E-08
340.713436805074	7.14231580846486E-08
340.761339467325	8.73647962031729E-08
340.809236285896	1.0292818796796E-07
340.857127260305	1.19232426210207E-07
340.905012390067	1.36638747849236E-07
340.952891674697	1.54512985407652E-07
341.000765113713	1.71831609921285E-07
341.048632706629	1.87595715689205E-07
341.096494452963	2.00679874478875E-07
341.144350352229	2.09784137207646E-07
341.192200403944	2.13523595576311E-07
341.240044607623	2.10546805667086E-07
341.287882962784	2.00302797980625E-07
341.335715468941	1.83720097027395E-07
341.383542125611	1.62673653062832E-07
341.43136293231	1.39195990391808E-07
341.479177888553	1.15394802666113E-07
341.526986993857	9.30669811315451E-08
341.574790247738	7.28486762350443E-08
341.622587649711	5.43375223138276E-08
341.670379199292	3.69842175931155E-08
341.718164895999	2.06111298982963E-08
341.765944739345	5.54002228671359E-09
341.813718728848	-7.76634838846043E-09
341.861486864024	-1.94676070027012E-08
341.909249144388	-3.02809974503977E-08
341.957005569456	-4.03926934225127E-08
342.004756138745	-4.90869719014014E-08
342.05250085177	-5.55641540489393E-08
342.100239708048	-5.9794689548104E-08
342.147972707094	-6.26839716803104E-08
342.195699848423	-6.54521535787307E-08
342.243421131554	-6.86791015921964E-08
342.291136556	-7.16578667229586E-08
342.338846121279	-7.23934014397135E-08
342.386549826905	-6.83221264911762E-08
342.434247672396	-5.75949685965521E-08
342.481939657267	-4.00388732551607E-08
342.529625781035	-1.69238643376289E-08
342.577306043214	9.94609278220488E-09
342.624980443321	3.86073642738509E-08
342.672648980872	6.64187919284392E-08
342.720311655383	8.98305451554582E-08
342.76796846637	1.05638439724746E-07
342.815619413349	1.12690027233168E-07
342.863264495836	1.11973052286702E-07
342.910903713347	1.05286921026786E-07
342.958537065397	9.42969823326675E-08
343.006164551504	8.08056732281157E-08
343.053786171182	6.73508964933304E-08
343.101401923948	5.68801209580939E-08
343.149011809318	5.13048426230813E-08
343.196615826807	5.02917171871609E-08
343.244213975932	5.17150498405604E-08
343.291806256209	5.32156997683947E-08
343.339392667153	5.31884126234028E-08
343.386973208281	5.09093793611759E-08
343.434547879109	4.62581384502967E-08
343.482116679152	3.91518411939675E-08
343.529679607926	2.93925540173241E-08
343.577236664949	1.73495380129319E-08
343.624787849734	4.27158300270953E-09
343.672333161799	-8.51777365881585E-09
343.71987260066	-2.05337535470494E-08
343.767406165832	-3.21238060945447E-08
343.814933856831	-4.38052720017964E-08
343.862455673173	-5.5739378314871E-08
343.909971614375	-6.76116706842621E-08
343.957481679952	-7.86342166373819E-08
344.004985869421	-8.76165998806169E-08
344.052484182297	-9.3594782975197E-08
344.099976618095	-9.65684639228908E-08
344.147463176333	-9.71563381133937E-08
344.194943856527	-9.53722144273377E-08
344.242418658191	-9.02009230989502E-08
344.289887580842	-8.07328793793683E-08
344.337350623997	-6.76120850939328E-08
344.384807787171	-5.30785433120983E-08
344.432259069879	-3.92641018129895E-08
344.479704471639	-2.66654462695395E-08
344.527143991965	-1.49589986877233E-08
344.574577630375	-4.79212730743575E-09
344.622005386383	2.57764460213104E-09
344.669427259507	7.06048668480187E-09
344.716843249261	9.89134883687839E-09
344.764253355162	1.23312301695469E-08
344.811657576726	1.5118745285966E-08
344.859055913469	1.90985908994311E-08
344.906448364906	2.53902090249905E-08
344.953834930554	3.41861995259199E-08
345.001215609929	4.39096387076555E-08
345.048590402547	5.25697384537069E-08
345.095959307923	5.98627746256667E-08
345.143322325574	6.71935941234774E-08
345.190679455015	7.55658046643456E-08
345.238030695763	8.3950108387043E-08
345.285376047334	9.01866675553039E-08
345.332715509243	9.3099642395359E-08
345.380049081006	9.28364137580217E-08
345.42737676214	8.96172422710031E-08
345.474698552161	8.3415792437151E-08
345.522014450584	7.47610793201519E-08
345.569324456925	6.51273092139445E-08
345.616628570701	5.6342053469857E-08
345.663926791427	4.950867333614E-08
345.711219118619	4.45090625805121E-08
345.758505551794	4.06728572099372E-08
345.805786090467	3.75707330040355E-08
345.853060734154	3.48659829564188E-08
345.900329482371	3.22012859904266E-08
345.947592334635	2.97564123357435E-08
345.994849290461	2.83445272329634E-08
346.042100349365	2.86985964405627E-08
346.089345510863	3.1169983594814E-08
346.136584774471	3.61943877815463E-08
346.183818139705	4.4228369510298E-08
346.231045606081	5.46404377163653E-08
346.278267173115	6.48169321576915E-08
346.325482840323	7.0942467855149E-08
346.372692607221	7.02836839175011E-08
346.419896473325	6.29610415159765E-08
346.467094438151	5.1076134774684E-08
346.514286501214	3.62962494114085E-08
346.561472662032	1.92177785505572E-08
346.608652920119	8.43254078287427E-10
346.655827274992	-1.66925400981636E-08
346.702995726167	-3.15289252093614E-08
346.75015827316	-4.35581178924296E-08
346.797314915486	-5.39135502133197E-08
346.844465652663	-6.35213153989011E-08
346.891610484204	-7.27588902752603E-08
346.938749409628	-8.1871022180742E-08
346.985882428448	-9.0664494827367E-08
347.033009540183	-9.79476669013465E-08
347.080130744347	-1.0212670611184E-07
347.127246040457	-1.02529993903146E-07
347.174355428028	-9.99282957857562E-08
347.221458906576	-9.57777276733136E-08
347.268556475618	-9.08417220661472E-08
347.31564813467	-8.43487065971576E-08
347.362733883247	-7.49331916769407E-08
347.409813720865	-6.2527840499245E-08
347.456887647041	-4.87314049007321E-08
347.503955661289	-3.54280890211652E-08
347.551017763128	-2.34609878598605E-08
347.598073952071	-1.21504588128345E-08
347.645124227636	1.14618636175297E-10
347.692168589337	1.41140952298479E-08
347.739207036693	2.88433201890084E-08
347.786239569217	4.29118932845689E-08
347.833266186426	5.61445013158368E-08
347.880286887837	6.89433703586158E-08
347.927301672964	8.10785922904325E-08
347.974310541325	9.21777004411784E-08
348.021313492434	1.02263506755784E-07
348.068310525809	1.10866925586423E-07
348.115301640965	1.16154998958014E-07
348.162286837417	1.15517407026742E-07
348.209266114683	1.07565562784937E-07
348.256239472277	9.38924917780977E-08
348.303206909716	7.81017122805086E-08
348.350168426516	6.27656789748508E-08
348.397124022193	4.85787858397852E-08
348.444073696263	3.62765161332621E-08
348.491017448241	2.74310245375287E-08
348.537955277644	2.29254853272282E-08
348.584887183988	2.19254200801768E-08
348.631813166789	2.29614375916666E-08
348.678733225562	2.52447043887087E-08
348.725647359824	2.83600934120536E-08
348.772555569091	3.09687192640567E-08
348.819457852878	3.05732403974664E-08
348.866354210701	2.53735221125624E-08
348.913244642077	1.60558381019082E-08
348.960129146522	4.68345910684388E-09
349.007007723551	-7.76428880692536E-09
349.053880372681	-2.13503907178416E-08
349.100747093427	-3.55058092700028E-08
349.147607885305	-4.90456027272068E-08
349.194462747832	-6.14384036645964E-08
349.241311680523	-7.29305794145992E-08
349.288154682894	-8.33000205008464E-08
349.334991754462	-9.11385812777452E-08
349.381822894742	-9.49511544407845E-08
349.42864810325	-9.47541405826039E-08
349.475467379503	-9.17041380774871E-08
349.522280723015	-8.6003161918722E-08
349.569088133304	-7.59659233672437E-08
349.615889609885	-5.97507100125862E-08
349.662685152274	-3.77491362249833E-08
349.709474759987	-1.26194418710134E-08
349.75625843254	1.25824915385633E-08
349.803036169449	3.52925643072511E-08
349.84980797023	5.28787944969016E-08
349.8965738344	6.25508694438013E-08
349.943333761473	6.25160478350651E-08
349.990087750966	5.30182527925788E-08
350.036835802395	3.60038901924338E-08
350.083577915275	1.42607095183671E-08
350.130314089124	-8.55378051357511E-09
350.177044323456	-2.78762786755877E-08
350.223768617789	-3.97469313025569E-08
350.270486971637	-4.28661615658806E-08
350.317199384516	-3.89350172202449E-08
350.363905855944	-3.08843398052377E-08
350.410606385435	-2.09735036634184E-08
350.457300972506	-1.08562519079441E-08
350.503989616672	-2.67741537405578E-09
350.55067231745	1.33257728544743E-09
350.597349074356	6.27529211343894E-10
350.644019886905	-3.00075295290115E-09
350.690684754614	-6.84582010265639E-09
350.737343676998	-9.23669769798635E-09
350.783996653574	-1.00715175158203E-08
350.830643683857	-9.82961013532824E-09
350.877284767363	-8.51086728903964E-09
350.923919903609	-5.76810630492842E-09
350.970549092111	-1.7166603608326E-09
351.017172332383	2.89901790017903E-09
351.063789623943	7.33794899470448E-09
351.110400966306	1.15735741725061E-08
351.157006358989	1.6463957124312E-08
351.203605801507	2.30831459811611E-08
351.250199293376	3.17565477743122E-08
351.296786834112	4.18538412094593E-08
351.343368423231	5.25179928893398E-08
351.38994406025	6.34581482054006E-08
351.436513744683	7.49111527073952E-08
351.483077476048	8.69204423508446E-08
351.52963525386	9.88277513392018E-08
351.576187077634	1.0950339796018E-07
351.622732946888	1.17924781634574E-07
351.669272861137	1.23544856154578E-07
351.715806819897	1.26367194186684E-07
351.762334822683	1.26797578469818E-07
351.808856869013	1.25415602199274E-07
351.855372958401	1.22917574096347E-07
351.901883090364	1.20084670598869E-07
351.948387264418	1.17476897432163E-07
351.994885480079	1.15286838984712E-07
352.041377736863	1.13571172116005E-07
352.087864034285	1.12292351506278E-07
352.134344371862	1.11170301432119E-07
352.18081874911	1.09879593616885E-07
352.227287165544	1.08059296120423E-07
352.273749620681	1.04649153155749E-07
352.320206114037	9.79062445878319E-08
352.366656645127	8.6643396101666E-08
352.413101213468	7.12086355445598E-08
352.459539818575	5.32718684140105E-08
352.505972459965	3.47051379641632E-08
352.552399137153	1.62525661866166E-08
352.598819849656	-2.70251361053279E-09
352.645234596989	-2.27856784975088E-08
352.691643378669	-4.35741739225081E-08
352.73804619421	-6.43978124161705E-08
352.784443043131	-8.56157236681812E-08
352.830833924945	-1.08467126712526E-07
352.87721883917	-1.34131128826405E-07
352.923597785321	-1.63258026903019E-07
352.969970762915	-1.95747689340564E-07
353.016337771466	-2.30577391190398E-07
353.062698810492	-2.6592311204065E-07
353.109053879508	-2.99572696318188E-07
353.15540297803	-3.29487860030172E-07
353.201746105574	-3.54372406247101E-07
353.248083261657	-3.73640527693827E-07
353.294414445793	-3.86656948242268E-07
353.340739657499	-3.92256703429166E-07
353.387058896292	-3.89252503260728E-07
353.433372161686	-3.77228375118735E-07
353.479679453198	-3.56665747947288E-07
353.525980770344	-3.28728734381456E-07
353.57227611264	-2.95319377324961E-07
353.618565479602	-2.58877943661783E-07
353.664848870746	-2.21609968303204E-07
353.711126285588	-1.84959916042816E-07
353.757397723643	-1.49790930991951E-07
353.803663184429	-1.16849848335274E-07
353.849922667459	-8.70379535841191E-08
353.896176172252	-6.10921088455926E-08
353.942423698322	-3.88513424137277E-08
353.988665245186	-1.92054052559847E-08
354.03490081236	-1.10022945179562E-09
354.081130399359	1.55924309105467E-08
354.1273540057	3.03948265835088E-08
354.173571630898	4.30149886210223E-08
354.21978327447	5.35148002989223E-08
354.265988935932	6.21612811078173E-08
354.312188614799	6.94286220119796E-08
354.358382310587	7.59690326552672E-08
354.404570022813	8.24127979466534E-08
354.450751750992	8.92760779610656E-08
354.496927494641	9.70527992665422E-08
354.543097253274	1.06069039196134E-07
354.58926102641	1.16131765650653E-07
354.635418813562	1.26624848246674E-07
354.681570614248	1.36926307756711E-07
354.727716427983	1.46241755924293E-07
354.773856254283	1.53147649652619E-07
354.819990092665	1.56207023286279E-07
354.866117942643	1.55535626018686E-07
354.912239803735	1.53122622071827E-07
354.958355675456	1.50982477584212E-07
355.004465557321	1.49340368275403E-07
355.050569448848	1.46822531200497E-07
355.096667349552	1.42327753435626E-07
355.142759258949	1.36710546207699E-07
355.188845176555	1.32023274735712E-07
355.234925101886	1.29013962622734E-07
355.280999034458	1.26462348614355E-07
355.327066973787	1.23125633000986E-07
355.373128919388	1.1939533122181E-07
355.419184870779	1.16672378494514E-07
355.465234827474	1.15687568030636E-07
355.51127878899	1.15876969427844E-07
355.557316754843	1.15934774707314E-07
355.603348724549	1.14534534012562E-07
355.649374697623	1.10812665290358E-07
355.695394673582	1.04758129265978E-07
355.741408651942	9.73076712083206E-08
355.787416632218	8.98727071302636E-08
355.833418613927	8.36748992046534E-08
355.879414596584	7.93981485478213E-08
355.925404579706	7.72357622494805E-08
355.971388562809	7.71724319374522E-08
356.017366545408	7.92697349944489E-08
356.063338527019	8.36203144531836E-08
356.109304507159	9.01048214697698E-08
356.155264485344	9.83637222056452E-08
356.201218461089	1.07968455565115E-07
356.24716643391	1.18588101868514E-07
356.293108403323	1.30033851935642E-07
356.339044368845	1.41871979805356E-07
356.384974329991	1.52926409341897E-07
356.430898286278	1.61522898686983E-07
356.47681623722	1.66458428860748E-07
356.522728182335	1.67578545106806E-07
356.568634121138	1.65369215763984E-07
356.614534053146	1.60367087171715E-07
356.660427977873	1.53113950008681E-07
356.706315894837	1.44562190766475E-07
356.752197803552	1.36307935587697E-07
356.798073703536	1.29969295930289E-07
356.843943594303	1.26027528835518E-07
356.889807475371	1.23498781595742E-07
356.935665346255	1.20823620563354E-07
356.98151720647	1.16925046016616E-07
357.027363055534	1.11412358136811E-07
357.073202892961	1.04136944647519E-07
357.119036718268	9.49532734350819E-08
357.164864530972	8.38166997635891E-08
357.210686330586	7.09153405008398E-08
357.256502116629	5.676066503822E-08
357.302311888616	4.21683538040442E-08
357.348115646062	2.79386080769941E-08
357.393913388484	1.43101057062427E-08
357.439705115398	7.89664711445369E-10
357.485490826319	-1.33819772784637E-08
357.531270520764	-2.8758130484919E-08
357.577044198248	-4.5746613926531E-08
357.622811858289	-6.47865548020996E-08
357.6685735004	-8.62313653421576E-08
357.714329124099	-1.10325537509799E-07
357.760078728902	-1.3729751293963E-07
357.805822314324	-1.66840332535794E-07
357.851559879882	-1.97116109978618E-07
357.897291425091	-2.2475989582241E-07
357.943016949468	-2.46278245189779E-07
357.988736452528	-2.59472364627494E-07
358.034449933787	-2.63892148736301E-07
358.080157392761	-2.6015281059317E-07
358.125858828967	-2.48785448051526E-07
358.17155424192	-2.3014502943399E-07
358.217243631137	-2.05589555290077E-07
358.262926996132	-1.78139151763432E-07
358.308604336423	-1.51333104636949E-07
358.354275651525	-1.27418921765196E-07
358.399940940954	-1.06865126218537E-07
358.445600204226	-8.91438067102232E-08
358.491253440857	-7.35889838854698E-08
358.536900650364	-5.98946813710486E-08
358.582541832261	-4.83436245049978E-08
358.628176986065	-3.964673180047E-08
358.673806111293	-3.44188208353097E-08
358.719429207459	-3.29320333654434E-08
358.76504627408	-3.52710437409525E-08
358.810657310672	-4.13317179667934E-08
358.856262316751	-5.0696702262836E-08
358.901861291833	-6.28646748943384E-08
358.947454235434	-7.74818779293074E-08
358.993041147069	-9.40094829256538E-08
359.038622026255	-1.11348911214016E-07
359.084196872508	-1.28269103501167E-07
359.129765685344	-1.44213321874379E-07
359.175328464278	-1.59531636366642E-07
359.220885208827	-1.75051242452242E-07
359.266435918507	-1.91322737162568E-07
359.311980592833	-2.07793811267864E-07
359.357519231322	-2.22592544814096E-07
359.403051833489	-2.33437254961108E-07
359.448578398851	-2.38995312435489E-07
359.494098926924	-2.39335813278069E-07
359.539613417223	-2.35189287031675E-07
359.585121869264	-2.26934302358221E-07
359.630624282564	-2.14271729030688E-07
359.676120656638	-1.97162606033267E-07
359.721610991003	-1.76915188080689E-07
359.767095285174	-1.55454375051553E-07
359.812573538667	-1.33576455429915E-07
359.858045750999	-1.10518894204188E-07
359.903511921684	-8.53529599093071E-08
359.94897205024	-5.83962564925882E-08
359.994426136183	-3.08732564622943E-08
360.039874179027	-3.5220280870483E-09
360.08531617829	2.39216177779848E-08
360.130752133487	5.16470179844692E-08
360.176182044133	7.84681268645861E-08
360.221605909746	1.02093907954433E-07
360.267023729841	1.20589356938658E-07
360.312435503934	1.33054345114883E-07
360.357841231542	1.39261955350742E-07
360.403240912179	1.39338267487518E-07
360.448634545362	1.33905768637176E-07
360.494022130607	1.24463891515156E-07
360.539403667429	1.13440654079795E-07
360.584779155346	1.03558375669842E-07
360.630148593873	9.7042730441845E-08
360.675511982525	9.5395136413742E-08
360.720869320819	9.93591355132361E-08
360.766220608271	1.087192454727E-07
360.811565844397	1.2248178873221E-07
360.856905028712	1.39415105544992E-07
360.902238160733	1.58056235433985E-07
360.947565239976	1.76227640441256E-07
360.992886265956	1.91336138748976E-07
361.03820123819	2.014685135217E-07
361.083510156194	2.06225267822406E-07
361.128813019483	2.06842507228252E-07
361.174109827574	2.05361736807303E-07
361.219400579982	2.03051436810591E-07
361.264685276224	1.99702744290263E-07
361.309963915815	1.94609061675584E-07
361.355236498271	1.87785346450508E-07
361.400503023109	1.79906784122561E-07
361.445763489845	1.71638880137983E-07
361.491017897993	1.63577193402679E-07
361.536266247071	1.56356312062242E-07
361.581508536595	1.504841019149E-07
361.626744766079	1.46328830172246E-07
361.671974935041	1.44289829098913E-07
361.717199042996	1.44718094307969E-07
361.76241708946	1.47534805280332E-07
361.80762907395	1.51855388685769E-07
361.85283499598	1.55918538827772E-07
361.898034855068	1.57523861450831E-07
361.943228650728	1.54832528702398E-07
361.988416382478	1.47222315143249E-07
362.033598049833	1.35559397321913E-07
362.078773652309	1.21555184263786E-07
362.123943189422	1.06710433523474E-07
362.169106660687	9.18540884544618E-08
362.214264065622	7.75667060847713E-08
362.259415403742	6.47010274575275E-08
362.304560674562	5.43935757895828E-08
362.349699877599	4.72794112835561E-08
362.39483301237	4.25405850401459E-08
362.439960078388	3.82772783493041E-08
362.485081075172	3.29376535099516E-08
362.530196002237	2.59602168818676E-08
362.575304859098	1.70521579699198E-08
362.620407645272	5.46791896432319E-09
362.665504360274	-9.52452593541212E-09
362.710595003621	-2.78954488812394E-08
362.755679574829	-4.9004745907587E-08
362.800758073413	-7.22147138015202E-08
362.84583049889	-9.71028761468687E-08
362.890896850776	-1.23206715259811E-07
362.935957128586	-1.49735941958335E-07
362.981011331836	-1.75743701508941E-07
363.026059460043	-2.00767926115109E-07
363.071101512722	-2.25345384574729E-07
363.11613748939	-2.50483353558426E-07
363.161167389562	-2.76123576047358E-07
363.206191212755	-3.0039989761528E-07
363.251208958483	-3.20721038914786E-07
363.296220626264	-3.3538185355821E-07
363.341226215614	-3.44179451171934E-07
363.386225726047	-3.48140646451584E-07
363.431219157081	-3.48587384045649E-07
363.476206508231	-3.45711168813139E-07
363.521187779013	-3.38264815645594E-07
363.566162968944	-3.25073841031977E-07
363.611132077538	-3.06304920919163E-07
363.656095104312	-2.83110389241139E-07
363.701052048783	-2.56730268834917E-07
363.746002910466	-2.2797879879016E-07
363.790947688876	-1.96948254365733E-07
363.835886383531	-1.63335601720397E-07
363.880818993945	-1.27482630160016E-07
363.925745519636	-9.06963953758461E-08
363.970665960118	-5.45239676116607E-08
364.015580314908	-2.00603922645391E-08
364.060488583522	1.21741788858635E-08
364.105390765476	4.21588661338842E-08
364.150286860286	7.00655614162518E-08
364.195176867468	9.58110257182374E-08
364.240060786537	1.19056682992136E-07
364.28493861701	1.39410995240505E-07
364.329810358402	1.56396899137799E-07
364.374676010231	1.69442974492053E-07
364.419535572011	1.78247057698273E-07
364.464389043258	1.83035510372666E-07
364.509236423489	1.84501229158601E-07
364.55407771222	1.83691567588666E-07
364.598912908966	1.8177589295366E-07
364.643742013244	1.79575652151396E-07
364.688565024569	1.77212109705449E-07
364.733381942458	1.74196118804266E-07
364.778192766426	1.69815764151635E-07
364.82299749599	1.63432398018211E-07
364.867796130664	1.54434429222542E-07
364.912588669967	1.41956021247291E-07
364.957375113412	1.24800385341943E-07
365.002155460517	1.02117206001522E-07
365.046929710797	7.42845931778259E-08
365.091697863769	4.28976542641931E-08
365.136459918947	1.00253129399709E-08
365.181215875849	-2.23980192343188E-08
365.22596573399	-5.24867651953237E-08
365.270709492886	-7.81850013856961E-08
365.315447152053	-9.77929627837293E-08
365.360178711008	-1.10959277839013E-07
365.404904169265	-1.19050944096179E-07
365.449623526341	-1.24404910932634E-07
365.494336781753	-1.29178276515713E-07
365.539043935015	-1.34916196243801E-07
365.583744985644	-1.42563831969676E-07
365.628439933157	-1.52168396894149E-07
365.673128777068	-1.62634717761236E-07
365.717811516894	-1.71992562974874E-07
365.762488152151	-1.78053170929422E-07
365.807158682355	-1.79244396663881E-07
365.851823107021	-1.75337629850546E-07
365.896481425666	-1.67326485229904E-07
365.941133637806	-1.56368234549062E-07
365.985779742957	-1.43083688226036E-07
366.030419740635	-1.27739072933815E-07
366.075053630355	-1.1073820365075E-07
366.119681411634	-9.28876855388579E-08
366.164303083987	-7.50448081475573E-08
366.208918646931	-5.73162643215702E-08
366.253528099981	-3.89503612672294E-08
366.298131442654	-1.93373333774939E-08
366.342728674466	1.09910779233288E-09
366.387319794932	2.13875063266688E-08
366.431904803569	4.08627966173897E-08
366.476483699892	5.92503632847792E-08
366.521056483417	7.62100265929683E-08
366.565623153661	9.08291888424332E-08
366.610183710139	1.01741971093423E-07
366.654738152367	1.08030997174381E-07
366.699286479862	1.09945366381384E-07
366.743828692139	1.08591724479114E-07
366.788364788714	1.05150699829322E-07
366.832894769103	1.00597189453696E-07
366.877418632823	9.59330193978297E-08
366.921936379389	9.24827846623174E-08
366.966448008317	9.19601188804255E-08
367.010953519123	9.58110894338639E-08
367.055452911323	1.0422204152731E-07
367.099946184433	1.15821757224383E-07
367.144433337969	1.28480899364884E-07
367.188914371448	1.40425379540884E-07
367.233389284384	1.50524644740186E-07
367.277858076294	1.57958826774893E-07
367.322320746694	1.62184834002686E-07
367.3667772951	1.63405938756323E-07
367.411227721028	1.62818604312665E-07
367.455672023994	1.61900583245075E-07
367.500110203513	1.61342730299966E-07
367.544542259103	1.60940135602984E-07
367.588968190278	1.60327924767255E-07
367.633387996555	1.59567147851709E-07
367.677801677449	1.58872781555551E-07
367.722209232478	1.57939813667066E-07
367.766610661156	1.56147543217343E-07
367.811005962999	1.53411849445114E-07
367.855395137524	1.50296446659313E-07
367.899778184247	1.47293641746334E-07
367.944155102684	1.44287697026111E-07
367.98852589235	1.41040302530844E-07
368.032890552761	1.38007630332598E-07
368.077249083434	1.36202858992201E-07
368.121601483884	1.36301876555865E-07
368.165947753628	1.38129367471857E-07
368.210287892181	1.41168408706185E-07
368.25462189906	1.4533339078613E-07
368.29894977378	1.50671189607545E-07
368.343271515857	1.56579105390111E-07
368.387587124808	1.61837787249317E-07
368.431896600147	1.65372284445612E-07
368.476199941392	1.66904490784521E-07
368.520497148059	1.66815248255409E-07
368.564788219662	1.65424245779506E-07
368.609073155719	1.62478619420289E-07
368.653351955745	1.57402834170641E-07
368.697624619256	1.4999179832206E-07
368.741891145768	1.40661172808536E-07
368.786151534797	1.30024603123481E-07
368.830405785859	1.18452304098932E-07
368.87465389847	1.06161859572937E-07
368.918895872146	9.38295328121228E-08
368.963131706403	8.29533199272494E-08
369.007361400757	7.54127565894205E-08
369.051584954724	7.24643676119527E-08
369.09580236782	7.39290006387005E-08
369.14001363956	7.81032460066165E-08
369.184218769462	8.24612810160024E-08
369.22841775704	8.47849431736448E-08
369.272610601811	8.36686418068738E-08
369.316797303291	7.8096729222591E-08
369.360977860995	6.71275932844701E-08
369.40515227444	5.02317451680122E-08
369.449320543142	2.76701850177653E-08
369.493482666617	5.4077655370087E-10
369.53763864438	-2.94567653792084E-08
369.581788475947	-6.06100798660289E-08
369.625932160836	-9.19375359646065E-08
369.670069698561	-1.23398119896445E-07
369.714201088638	-1.55675993980023E-07
369.758326330584	-1.8993257727005E-07
369.802445423914	-2.27651229627957E-07
369.846558368145	-2.70423156829776E-07
369.890665162792	-3.19695338900341E-07
369.934765807371	-3.76261444815057E-07
369.978860301399	-4.39458511082163E-07
370.022948644391	-5.06732944679153E-07
370.067030835863	-5.73865106001516E-07
370.111106875332	-6.35644516548387E-07
370.155176762313	-6.86907713845366E-07
370.199240496322	-7.2358047154612E-07
370.243298076876	-7.43052275394575E-07
370.287349503489	-7.44094329795672E-07
370.331394775679	-7.2710148824003E-07
370.375433892961	-6.94309626992413E-07
370.419466854851	-6.48896849879279E-07
370.463493660865	-5.93907180919337E-07
370.507514310519	-5.32145452519648E-07
370.551528803329	-4.66412879928396E-07
370.595537138811	-3.99306435051005E-07
370.639539316481	-3.32579620603391E-07
370.683535335854	-2.66712911217439E-07
370.727525196448	-2.01417175944804E-07
370.771508897778	-1.36963879639647E-07
370.815486439359	-7.52600302217066E-08
370.859457820709	-1.92349777718224E-08
370.903423041342	2.88062511393905E-08
370.947382100775	6.78592031883379E-08
370.991334998523	9.77487597463719E-08
371.035281734104	1.18571553628945E-07
371.079222307032	1.30703694472755E-07
371.123156716824	1.34983744351248E-07
371.167084962995	1.32736697173512E-07
371.211007045062	1.25717834651966E-07
371.254922962541	1.15809279464696E-07
371.298832714947	1.04754077819515E-07
371.342736301797	9.44823061635482E-08
371.386633722606	8.76450981770809E-08
371.43052497689	8.71036670869021E-08
371.474410064167	9.43641898016487E-08
371.51828898395	1.08694180707697E-07
371.562161735757	1.27582015454674E-07
371.606028319104	1.47963789306187E-07
371.649888733505	1.67531845691063E-07
371.693742978478	1.85175264005887E-07
371.737591053539	2.00166216989698E-07
371.781432958202	2.11168721597454E-07
371.825268691985	2.16701494398529E-07
371.869098254403	2.16694982831502E-07
371.912921644973	2.12881107650188E-07
371.956738863209	2.0768391229341E-07
372.000549908629	2.03023291628313E-07
372.044354780747	1.9977983434149E-07
372.088153479081	1.97745148015519E-07
372.131946003146	1.95839810512317E-07
372.175732352458	1.92596669356536E-07
372.219512526533	1.86915084498964E-07
372.263286524887	1.78641731047058E-07
372.307054347036	1.68577722182008E-07
372.350815992496	1.57873478656658E-07
372.394571460782	1.47278701834759E-07
372.438320751412	1.37287050854738E-07
372.4820638639	1.28766136765343E-07
372.525800797764	1.22859183479957E-07
372.569531552518	1.200309466921E-07
372.613256127678	1.19375106036239E-07
372.656974522762	1.19394977217693E-07
372.700686737284	1.19231618595376E-07
372.744392770761	1.18767521735282E-07
372.788092622709	1.17830515472308E-07
372.831786292643	1.1562498224016E-07
372.87547378008	1.11337905213808E-07
372.919155084536	1.05259850533329E-07
372.962830205526	9.89529990480101E-08
373.006499142567	9.41735325134512E-08
373.050161895174	9.14783262020217E-08
373.093818462864	9.01381395757326E-08
373.137468845152	8.93855972889262E-08
373.181113041554	8.93024547769223E-08
373.224751051587	9.05539444653348E-08
373.268382874766	9.36539511759443E-08
373.312008510608	9.86063854700297E-08
373.355627958628	1.04939393041078E-07
373.399241218342	1.11863520654801E-07
373.442848289267	1.1850130340439E-07
373.486449170918	1.24022472826311E-07
373.530043862811	1.2769974113582E-07
373.573632364462	1.29144183203269E-07
373.617214675387	1.285440054162E-07
373.660790795103	1.26525643883269E-07
373.704360723125	1.2398499278438E-07
373.747924458968	1.22021119088487E-07
373.79148200215	1.21569595366114E-07
373.835033352186	1.22734469455071E-07
373.878578508592	1.24620362979848E-07
373.922117470884	1.26033038596705E-07
373.965650238578	1.26036367801804E-07
374.009176811189	1.23931448241341E-07
374.052697188235	1.1897917956818E-07
374.096211369231	1.10253845564656E-07
374.139719353692	9.70770826631357E-08
374.183221141135	7.9786676562534E-08
374.226716731076	5.99006234334225E-08
374.270206123031	3.93077943750637E-08
374.313689316516	1.90961541711747E-08
374.357166311046	-7.31655943991026E-10
374.400637106138	-2.06724944084657E-08
374.444101701308	-4.10218285520379E-08
374.487560096071	-6.17915204264764E-08
374.531012289944	-8.32078710357647E-08
374.574458282442	-1.05952772058219E-07
374.617898073083	-1.30758632902553E-07
374.66133166138	-1.57927602408868E-07
374.704759046851	-1.87224581882836E-07
374.748180229012	-2.17936594305349E-07
374.791595207378	-2.48979353025268E-07
374.835003981465	-2.79307556342271E-07
374.87840655079	-3.08445960985548E-07
374.921802914869	-3.36389068593791E-07
374.965193073216	-3.62995179175403E-07
375.008577025349	-3.87572016067718E-07
375.051954770783	-4.08839097253887E-07
375.095326309035	-4.2500352643412E-07
375.13869163962	-4.34127990595084E-07
375.182050762054	-4.34819931043305E-07
375.225403675853	-4.26555886661215E-07
375.268750380534	-4.09438510843063E-07
375.312090875611	-3.83812367492771E-07
375.355425160602	-3.50064012929361E-07
375.398753235021	-3.08798028774813E-07
375.442075098386	-2.6139374872505E-07
375.485390750212	-2.10435379789365E-07
375.528700190015	-1.59034134265521E-07
375.572003417311	-1.09613530411312E-07
375.615300431616	-6.38094307716814E-08
375.658591232445	-2.307366413869E-08
375.701875819316	1.13091218918933E-08
375.745154191744	3.90580165063233E-08
375.788426349244	6.13031595540864E-08
375.831692291333	7.97927614082652E-08
375.874952017527	9.56944352266904E-08
375.918205527342	1.0869306593524E-07
375.961452820294	1.17466214531317E-07
376.004693895898	1.21519199921415E-07
376.047928753671	1.22284333445636E-07
376.091157393128	1.22140685484655E-07
376.134379813787	1.22666669055514E-07
376.177596015162	1.24270537029671E-07
376.220805996769	1.26963623759856E-07
376.264009758125	1.30468832018997E-07
376.307207298746	1.34099294683394E-07
376.350398618147	1.37170712594534E-07
376.393583715845	1.39373806281214E-07
376.436762591355	1.40746622641967E-07
376.479935244193	1.41380254788707E-07
376.523101673876	1.4095953386967E-07
376.566261879919	1.38673901684792E-07
376.609415861839	1.33921270494271E-07
376.652563619151	1.27280637461765E-07
376.695705151371	1.2000656550367E-07
376.738840458016	1.12594660064521E-07
376.781969538601	1.04628603071747E-07
376.825092392642	9.57711920862787E-08
376.868209019655	8.64663359931675E-08
376.911319419156	7.72903691640098E-08
376.954423590662	6.79766754306254E-08
376.997521533688	5.76311458625363E-08
377.040613247749	4.59061754080757E-08
377.083698732363	3.38445734905709E-08
377.126777987045	2.28909158414084E-08
377.169851011311	1.30318340962856E-08
377.212917804677	2.74127802486001E-09
377.255978366659	-9.39090689387023E-09
377.299032696772	-2.31836774660404E-08
377.342080794534	-3.74668701348274E-08
377.38512265946	-5.17903927038012E-08
377.428158291065	-6.66397380713246E-08
377.471187688866	-8.22787338837446E-08
377.514210852379	-9.77569176143562E-08
377.55722778112	-1.11530815599194E-07
377.600238474605	-1.2301554825895E-07
377.643242932349	-1.32654096174445E-07
377.686241153869	-1.40677302762162E-07
377.729233138681	-1.46174246826711E-07
377.7722188863	-1.47652831008949E-07
377.815198396243	-1.44495353010286E-07
377.858171668025	-1.37125449860609E-07
377.901138701163	-1.26041318578506E-07
377.944099495173	-1.11234838419085E-07
377.98705404957	-9.27813236239588E-08
378.030002363871	-7.19237357166628E-08
378.072944437591	-5.07846706456035E-08
378.115880270246	-3.10932916364499E-08
378.158809861353	-1.35525443111508E-08
378.201733210428	1.65035595777386E-09
378.244650316985	1.39743951047319E-08
378.287561180542	2.28094375970921E-08
378.330465800615	2.8413922658133E-08
378.373364176718	3.20111608490919E-08
378.416256308369	3.491542436947E-08
378.459142195083	3.75567361165372E-08
378.502021836376	3.95946689072274E-08
378.544895231765	4.07816525767271E-08
378.587762380765	4.14487495562809E-08
378.630623282891	4.21333449308499E-08
378.673477937661	4.27598447063461E-08
378.71632634459	4.25229743746408E-08
378.759168503194	4.07401847434425E-08
378.802004412989	3.77418789714149E-08
378.844834073491	3.48587863688362E-08
378.887657484215	3.35672053123696E-08
378.930474644679	3.48381445125582E-08
378.973285554398	3.90968689169411E-08
379.016090212888	4.63501598908316E-08
379.058888619664	5.62568423660971E-08
379.101680774243	6.82121228907308E-08
379.144466676141	8.14713151413031E-08
379.187246324874	9.50968122779663E-08
379.230019719958	1.07715330221336E-07
379.272786860908	1.17535045551251E-07
379.315547747241	1.2282674489784E-07
379.358302378473	1.22653068181443E-07
379.401050754119	1.17254200546526E-07
379.443792873696	1.07666300878652E-07
379.48652873672	9.50978295552439E-08
379.529258342706	8.06306489387136E-08
379.571981691171	6.55077724041116E-08
379.61469878163	5.13914196358159E-08
379.6574096136	4.01485842119108E-08
379.700114186596	3.32599734717059E-08
379.742812500134	3.1108619934089E-08
379.785504553731	3.27751367866988E-08
379.828190346903	3.65557452473701E-08
379.870869879165	4.10049010710987E-08
379.913543150033	4.55152927140767E-08
379.956210159023	5.00305120166651E-08
379.998870905652	5.42514450649039E-08
380.041525389435	5.71677182850385E-08
380.084173609888	5.77455792617367E-08
380.126815566527	5.60014955861026E-08
380.169451258868	5.33255743532062E-08
380.212080686428	5.12598613808933E-08
380.254703848722	5.0046587647342E-08
380.297320745266	4.90357770663657E-08
380.339931375576	4.79653433541371E-08
380.382535739168	4.75866170268099E-08
380.425133835558	4.87703141086438E-08
380.467725664262	5.12851822932882E-08
380.510311224796	5.38616081823424E-08
380.552890516675	5.52557202810454E-08
380.595463539417	5.5495434265286E-08
380.638030292537	5.58221326269206E-08
380.68059077555	5.73113662494604E-08
380.723144987974	5.97087655042803E-08
380.765692929323	6.17413663113693E-08
380.808234599114	6.26029166799213E-08
380.850769996863	6.28835077546742E-08
380.893299122085	6.42086740439205E-08
380.935821974297	6.79923787405966E-08
380.978338553015	7.44565729263979E-08
381.020848857754	8.25100767242362E-08
381.063352888031	9.07275436211125E-08
381.105850643362	9.8604684306903E-08
381.148342123262	1.06486841471082E-07
381.190827327248	1.14458259966037E-07
381.233306254835	1.21382126198978E-07
381.27577890554	1.25520367109371E-07
381.318245278878	1.26013344071678E-07
381.360705374366	1.23274298842122E-07
381.403159191519	1.18286377889605E-07
381.445606729854	1.11812340344906E-07
381.488047988886	1.04528144458435E-07
381.530482968131	9.74831571672388E-08
381.572911667105	9.18024620129488E-08
381.615334085325	8.80752301646256E-08
381.657750222306	8.59928057666818E-08
381.700160077564	8.46202249747335E-08
381.742563650616	8.30693934211325E-08
381.784960940976	8.10577078889828E-08
381.827351948162	7.87514344305119E-08
381.869736671689	7.58408724430265E-08
381.912115111073	7.10256216135767E-08
381.95448726583	6.26630225910748E-08
381.996853135476	4.98925724918024E-08
382.039212719527	3.30850576962534E-08
382.081566017499	1.34725382925246E-08
382.123913028908	-7.67008309311146E-09
382.16625375327	-2.97877363671938E-08
382.208588190101	-5.3174199015264E-08
382.250916338917	-7.83038415938598E-08
382.293238199233	-1.04942438148862E-07
382.335553770567	-1.32153789136535E-07
382.377863052433	-1.58944718012678E-07
382.420166044348	-1.84755316071104E-07
382.462462745828	-2.09527556927282E-07
382.504753156388	-2.33473290079968E-07
382.547037275546	-2.56683864560061E-07
382.589315102816	-2.78948819476202E-07
382.631586637714	-3.00261112092779E-07
382.673851879757	-3.2132440233369E-07
382.716110828461	-3.4333265529567E-07
382.758363483341	-3.66980335411281E-07
382.800609843914	-3.91687525282135E-07
382.842849909696	-4.15789853713443E-07
382.885083680202	-4.3730117111296E-07
382.927311154948	-4.54475071222791E-07
382.969532333451	-4.65568053452532E-07
383.011747215226	-4.68297234504216E-07
383.053955799789	-4.6006088484074E-07
383.096158086657	-4.39074280484998E-07
383.138354075346	-4.05683555427489E-07
383.18054376537	-3.62549813119885E-07
383.222727156247	-3.1357066127988E-07
383.264904247492	-2.62443270264964E-07
383.307075038622	-2.1197431624283E-07
383.349239529151	-1.64289766560343E-07
383.391397718597	-1.21113412991315E-07
383.433549606475	-8.35909098844229E-08
383.475695192301	-5.19792756788581E-08
383.517834475591	-2.55833951421313E-08
383.559967455861	-3.02301392447468E-09
383.602094132627	1.72464849414192E-08
383.644214505405	3.63703945694342E-08
383.686328573712	5.48148076256399E-08
383.728436337062	7.24493060790612E-08
383.770537794972	8.87954112437985E-08
383.812632946958	1.03339494446982E-07
383.854721792536	1.1580378029918E-07
383.896804331222	1.26120825559355E-07
383.938880562531	1.34210849573106E-07
383.980950485981	1.39856561332433E-07
384.023014101086	1.43127491076017E-07
384.065071407363	1.44693816295522E-07
384.107122404327	1.45535957085342E-07
384.149167091496	1.46275253493873E-07
384.191205468384	1.46752219395434E-07
384.233237534508	1.46509386440743E-07
384.275263289383	1.45565943086904E-07
384.317282732526	1.44901166554358E-07
384.359295863452	1.4581977783744E-07
384.401302681678	1.48629782525051E-07
384.44330318672	1.52234104400922E-07
384.485297378093	1.54977095762682E-07
384.527285255313	1.55836590678805E-07
384.569266817897	1.54412854774095E-07
384.611242065361	1.50231272404206E-07
384.653210997219	1.42864390011757E-07
384.695173612989	1.32593004382761E-07
384.737129912187	1.20668686769769E-07
384.779079894328	1.08672369416551E-07
384.821023558928	9.76557508783344E-08
384.862960905503	8.7927656511084E-08
384.904891933569	7.94989827599683E-08
384.946816642643	7.27841715426959E-08
384.98873503224	6.8549997961784E-08
385.030647101876	6.68835792966581E-08
385.072552851067	6.63846147152402E-08
385.114452279329	6.47047203430839E-08
385.156345386179	6.01792068653128E-08
385.198232171131	5.25594370452497E-08
385.240112633702	4.26712089794936E-08
385.281986773409	3.19750059534579E-08
385.323854589766	2.24066018969654E-08
385.36571608229	1.61091880803553E-08
385.407571250498	1.46177179486951E-08
385.449420093904	1.82515751575007E-08
385.491262612025	2.61488648802912E-08
385.533098804376	3.67264761387396E-08
385.574928670475	4.83189215094556E-08
385.616752209836	5.93026962444093E-08
385.658569421976	6.7884363940798E-08
385.700380306411	7.20069704584033E-08
385.742184862657	7.01448808709546E-08
385.783983090229	6.25641795131747E-08
385.825774988644	5.15615362866638E-08
385.867560557417	4.04623209026215E-08
385.909339796065	3.20460315598873E-08
385.951112704104	2.79164083816343E-08
385.992879281049	2.88950457952956E-08
386.034639526417	3.52155614635623E-08
386.076393439723	4.61312234652144E-08
386.118141020484	5.9540111938166E-08
386.159882268215	7.2803867962686E-08
386.201617182432	8.40268615511097E-08
386.243345762652	9.21652333419552E-08
386.285068008391	9.64560504393702E-08
386.326783919163	9.60227310097114E-08
386.368493494486	9.071095694119E-08
386.410196733875	8.20679712574935E-08
386.451893636847	7.3125509588608E-08
386.493584202917	6.69377508605231E-08
386.5352684316	6.46178282889601E-08
386.576946322414	6.53266885924962E-08
386.618617874875	6.77236010601562E-08
386.660283088497	7.14851094171642E-08
386.701941962797	7.69861254688281E-08
386.743594497292	8.37503766653279E-08
386.785240691496	9.01069054949619E-08
386.826880544927	9.42349507905487E-08
386.8685140571	9.5532543042655E-08
386.91014122753	9.45940599297134E-08
386.951762055734	9.21201459173344E-08
386.993376541229	8.82427982113225E-08
387.034984683529	8.27925059620177E-08
387.076586482151	7.60387887630468E-08
387.118181936611	6.8723911449397E-08
387.159771046425	6.13490457390528E-08
387.201353811109	5.38245722176607E-08
387.242930230178	4.57819298052587E-08
387.284500303149	3.72826270354868E-08
387.326064029538	2.87813216733459E-08
387.36762140886	2.05586586051987E-08
387.409172440632	1.23437812733464E-08
387.45071712437	3.60440374066803E-09
387.492255459589	-5.68336833207304E-09
387.533787445806	-1.50354494099639E-08
387.575313082536	-2.41129804524359E-08
387.616832369296	-3.33209172716566E-08
387.658345305602	-4.34222481562172E-08
387.699851890968	-5.47248710515463E-08
387.741352124913	-6.72023493103219E-08
387.78284600695	-8.11501298201765E-08
387.824333536598	-9.74533978911113E-08
387.86581471337	-1.16837565785504E-07
387.907289536784	-1.3896408395977E-07
387.948758006355	-1.62589085971196E-07
387.990220121599	-1.86434984537252E-07
388.031675882033	-2.10110628764085E-07
388.073125287172	-2.33966282320581E-07
388.114568336532	-2.57989370954514E-07
388.156005029629	-2.80814036078E-07
388.19743536598	-2.99986260707451E-07
388.238859345099	-3.13529057529813E-07
388.280276966504	-3.20755341441443E-07
388.32168822971	-3.21872440662498E-07
388.363093134232	-3.17156011313615E-07
388.404491679588	-3.06801506753295E-07
388.445883865293	-2.91318947140854E-07
388.487269690863	-2.71646838153532E-07
388.528649155813	-2.49042508327882E-07
388.570022259661	-2.24975568431857E-07
388.611389001921	-2.01169809899569E-07
388.652749382111	-1.79584944360372E-07
388.694103399745	-1.62008291073723E-07
388.73545105434	-1.49441619580958E-07
388.776792345412	-1.41534097483083E-07
388.818127272476	-1.3681880006423E-07
388.859455835049	-1.33533857687139E-07
388.900778032647	-1.30247213536614E-07
388.942093864786	-1.25781067032959E-07
388.983403330981	-1.18784383707496E-07
389.024706430749	-1.08052704538859E-07
389.066003163606	-9.30834369884439E-08
389.107293529067	-7.42893577541099E-08
389.148577526648	-5.25603377534536E-08
389.189855155867	-2.86980626040592E-08
389.231126416237	-3.25765126742831E-09
389.272391307276	2.31811648608086E-08
389.3136498285	4.96411247098503E-08
389.354901979424	7.47498857467048E-08
389.396147759564	9.72261275149775E-08
389.437387168437	1.16443604935079E-07
389.478620205558	1.32444619457258E-07
389.519846870443	1.45339948379075E-07
389.561067162609	1.54845166946672E-07
389.602281081571	1.60377950181732E-07
389.643488626845	1.61568377370666E-07
389.684689797947	1.58688475849591E-07
389.725884594394	1.52807092251157E-07
389.7670730157	1.45484607471916E-07
389.808255061383	1.38191648710088E-07
389.849430730958	1.31700812254361E-07
389.890600023941	1.26072416419862E-07
389.931762939848	1.21224438228313E-07
389.972919478195	1.17419514649203E-07
390.014069638498	1.15095407978143E-07
390.055213420273	1.14165457758403E-07
390.096350823036	1.14004916676469E-07
390.137481846303	1.13965149023013E-07
390.17860648959	1.13466018171622E-07
390.219724752412	1.11674637703357E-07
390.260836634287	1.074602802938E-07
390.301942134729	1.00299200127726E-07
390.343041253255	9.09385406257118E-08
390.384133989381	8.12668037199985E-08
390.425220342622	7.32258541087073E-08
390.466300312495	6.75935260635284E-08
390.507373898516	6.3824646064625E-08
390.548441100201	6.10549261330863E-08
390.589501917065	5.951716143842E-08
390.630556348625	6.04175826857814E-08
390.671604394396	6.44488271958518E-08
